586817438
561246109
434099520
263046347
95538141
799122360
15089392
664898463
837453742
32829165
431780446
410983980
174601984
931329835
889085513
965174465
945807427
58320398
66107977
882209954
267359633
560818098
494130803
478012864
33227056
628692502
938355352
972682420
619487588
965712991
645300167
245138474
165584461
913476349
285360429
144013408
677703827
355071123
989158483
804754385
690760096
253439779
502049358
9399470
39104340
950319474
624802543
472312028
430712306
627905540
520120859
641016765
486494515
588934663
81316791
55209201
515458761
224448562
614498377
548636712
443386800
265203203
852440327
251224367
495519469
359906337
536145262
932108055
612824749
487909800
945907595
394488821
464931515
865057049
263689517
284905585
826968795
693617034
466881243
634719915
804776048
706012162
338011810
93132598
380743947
831033621
239134384
550201183
696094319
89898959
145320358
678677626
890633620
834258052
635635623
822893045
668370901
345543602
918710758
14224723
756712101
247649975
722088502
636798874
881828640
996784256
837638474
585979695
952957129
218923729
131541764
965973989
201419347
937688800
826614312
7662880
63947388
284358912
806466108
998424659
626210734
569513428
931505056
976020884
115202140
178570341
504298636
927334240
330210406
963820863
787104666
607818119
198430713
567481217
350371921
309488100
485407074
259641083
592025540
19654218
941756105
317266015
731542250
631481069
560711631
574575345
339291476
94573005
172785699
182373420
679517046
529113925
207630227
278047696
565115798
608169421
731331175
212406533
494147317
418647662
801450435
930516248
85195014
728659813
548563074
390212976
686527159
452855314
508507233
618826973
849428903
805222124
262942107
14241077
806431995
871553062
317217887
593367401
297747772
793069294
192103972
851046748
612045688
387316011
888275179
396937747
607010872
773923900
156577968
555187519
759071559
632541833
404384252
175771499
187176336
640242884
788877207
669798590
547429157
828542146
432128859
193612398
427178332
873162224
727863845
578598594
675466516
652386675
938011876
173902304
765731027
515170940
136081045
519952021
625942723
178189557
107686359
759370129
438728875
275417838
501183415
389032888
472579011
274786236
360276991
315746516
480500070
585681223
211040083
332870991
413171343
19364557
39847343
632392330
132405123
206693832
379677239
244415781
401128817
482844261
539707045
769973074
43477594
283682439
370624044
158603862
308492940
539114911
701282232
837386051
662505913
244229563
609695852
470397293
371636792
273959923
195874379
140779318
127523556
841164376
721272959
189011841
218641965
735195449
850401500
23516304
635595664
437915381
328907677
439091019
434693651
259446098
17943732
872698160
804920554
123862141
215024706
336677591
285772348
973513118
144855587
305283071
73546007
675663008
824748285
664609370
656894024
577960406
888350206
314965860
633443544
198312092
432013558
253940186
985345367
434666862
437577338
158103998
847873343
591933921
840758586
328139214
762827477
246143984
92042149
905883001
508163226
824944512
780136873
59092095
146353806
913793686
873147940
37783649
434386720
266743312
784638179
760428419
440347334
628378367
231819983
128286145
631360555
27071542
306304291
961502223
239872988
398573347
819690433
234033847
201924445
933531893
21582496
85391994
610382027
937010029
753276908
470463650
158811445
126051186
912591871
435277664
498798609
518649110
423961937
600720695
606683406
501846643
923935996
599519198
105781021
985359451
487442037
79554258
759098449
820799973
696134779
814270009
957634740
450855109
42135962
887075770
861054085
440312189
981310943
28457704
237928094
495317911
509400059
591299327
238631353
53702787
463230229
392778331
984197594
553108420
791908428
661789935
698947492
689392882
276925526
226243994
586858762
754458699
602312656
137576199
7495847
371306504
299418923
922468043
689303347
770801596
832387523
419488565
8088125
916343721
563178676
343698581
948856813
955355525
908149971
619812027
222538657
552171766
458214196
389011178
105855358
729660698
26609613
713528811
154551829
382690792
252253238
741951806
883276977
483472821
487282175
332612972
973269567
247253203
744064685
172623224
177894619
538564948
352238419
564904820
13591027
309778668
6197807
575278362
357009140
330275725
740148236
466589547
551667851
882256435
106088344
590140631
754261385
383610191
103549582
895422825
773788491
196129392
82009798
875932863
741301375
742560171
73272875
515626723
755758703
479668964
582164016
982341953
946126878
172768061
762983476
41450036
234721321
782335477
987482289
857858425
106561657
173990950
959884990
560091667
565451149
663390219
636713197
754362784
977310709
697948225
731073440
892786852
424957829
779749512
58720957
284287944
437244322
243919650
491005396
729074259
924612738
945345844
185491617
732434103
261160271
491975751
453311048
245915891
233051679
521509421
83747335
366775174
211279155
242098802
287980114
477819545
824455694
234178403
776380031
265798293
195050142
165795936
249964916
945298763
137224904
528333144
706364982
659134729
794195050
454165127
889096901
375816541
175519588
248502359
209829455
784348835
497767227
78871227
600348991
50670990
54652250
583541456
658526938
969546342
373912830
743419164
711904350
148990599
360693587
996967202
761222859
656756713
11267774
73892271
912000002
716286145
254571595
309442128
681389062
394887114
878084251
315766675
287843510
441733415
720104865
676166200
864183446
359610630
676369779
777986870
366886641
319701333
968579026
554536783
632523720
521851452
623064923
229521141
836647483
921640008
66987947
244376449
176032338
873688937
641886239
920660828
162709031
55186973
459227700
922914635
56843837
457950295
716607931
541867301
649189701
754179708
265910456
419138463
665171597
295897734
169325277
987102531
728085254
633518923
137036958
17290879
3544816
511030744
48245745
902152922
440016932
550433956
492015937
417666302
877422801
688136282
364150656
647691948
526121507
666408140
765798264
730332884
324833719
252042109
438604630
14584984
861189199
520974218
527794796
44139809
550948874
956183697
599726124
850684210
69687306
573261696
560371706
972071002
687613502
979077109
731295416
400162716
485863772
434578427
934109563
129240535
404431592
217756625
191271806
11144239
812077312
965257420
881784269
755595098
153973393
952425287
489301424
395892935
698055894
781328779
927877553
139200475
195326573
517807594
44948810
323960150
725192727
351192555
49640752
904152276
312174348
295671350
470411376
316224249
82441234
831760608
951694467
186833816
772364253
331481989
942802826
579829737
790938329
15291679
94629926
350094098
33453550
632345779
547350844
269645520
542666761
226965847
296507964
246419353
969591084
896108261
625675344
809163579
564167882
349865540
871756843
942485488
999079174
835314952
671947782
716771731
512918853
26027637
606320832
827720202
81289415
517348197
589885888
746996831
315514726
79456209
171105351
358125423
117852644
978655176
310143098
448062772
374105357
144111995
415929613
816413728
700770408
326397557
231968654
695208607
863423641
242286567
605103435
570696225
55957730
576461292
137092868
199315741
544201428
44013
28352566
957882403
195469673
720852256
561171190
100773408
884523781
107923174
303725324
994780172
425814183
14482652
424743772
512324088
207574875
109417394
804644913
89648030
847193272
266138751
568150158
123783243
142522243
843765182
921890978
380803186
391716841
395733849
686384034
901477642
133592496
801534223
121850045
677857961
800994262
48618482
342453664
239272474
7767810
400006264
263927124
459859929
449418070
732170114
930687640
200151775
832540537
739503593
408816443
55943645
191281887
484115473
833142222
146208138
974128647
356644616
402637234
950063570
138161763
86564788
838516738
821667715
638128410
405813521
710678386
202558181
955442177
546056501
267399308
750118879
618298341
219747044
838788147
23602989
117908077
982629572
955737925
114509676
399506163
497525623
21661731
485222633
128307519
238665618
988770676
273243292
205206981
385952846
459894762
81822309
179465050
387220610
447015440
56108115
75630713
493370818
133183208
766178502
683719994
581825427
344489293
504132632
746690054
658123380
383126723
975451776
18401181
427741882
36718476
612378607
493149129
75299127
170585721
549186037
40689219
876004011
974120721
320203684
61773802
322281844
625951323
443717011
729938336
93280352
880145481
66430462
922410177
183020195
721102785
833742603
755995969
945399524
181207880
587788583
990251361
141764465
244876365
545567119
538799374
199327123
616086800
144908523
589534422
377327613
104111405
154887700
676781191
995433566
399971017
667525878
510311782
215088662
250094680
119884177
386120713
433000453
354926856
507712794
517622738
858887550
739299789
986147134
954506760
691852378
249566986
404272518
758858793
606995161
978703061
431917652
483023492
916441591
192111903
189105278
315742543
382383316
25896278
777976121
208797217
522578282
357229347
784451476
358158543
738595665
205357826
223887940
572725615
77750216
727521654
241721345
465591108
749258659
942592634
360821445
418119000
159784176
964624223
185193433
308788920
293903363
337863823
545998069
363756799
59047543
969918462
562379986
28505881
136495554
761161407
549861965
565333027
60769140
859185587
777751093
810895982
675219804
616334769
710371491
617505143
616830159
202213201
934990374
756955592
469015727
787656896
818273738
173350360
928372417
413534105
19163321
998524607
883388767
243285170
922397122
235670955
491508678
15872737
658418805
325097090
522876077
29078070
974116605
472144405
766078670
543734039
588312324
663868504
935981492
932032462
559070384
931988055
979310501
55818952
558272251
285883364
406825558
429883143
583442398
451548908
457101318
611982343
728310995
628475301
149866765
676067790
322277823
924352453
607217631
713829874
478115571
665265443
631884513
328249245
14383377
583962155
705783350
21061616
754527796
937115474
810962614
140781331
923684652
982813747
840382973
672296413
934759143
923376715
528600479
184476189
560785387
971550073
748977027
878113279
638726947
257906979
347402030
513939434
343501699
152086145
754276819
96434515
489105705
650778489
650084998
959875783
613817015
600689343
245774377
421677017
448585509
407933387
21543790
804590436
734983142
830183916
569905546
574150636
518685337
727764598
225076600
204989475
42461288
117023255
60510182
240769927
361349377
93199296
128766760
248505823
952841352
479803156
20505025
198324271
845328539
10507269
704743092
173419875
387438829
612893186
937452370
283137716
520461027
792136400
511370009
670258228
734127897
457561269
342667915
710694635
87020752
91224292
971542500
311273487
811031314
393902785
221123960
598710879
712603101
771488124
987423157
219515829
495401271
23855997
672750858
609969648
396767659
501886490
298352978
12884243
891981500
929211790
911602650
368857484
241092871
489112584
591722001
736876689
347702260
607314400
980968651
927063206
241328868
512438321
705997884
639395627
158384337
111615561
805682291
874993825
127739101
356443166
52779008
410147303
622013041
385828748
819556906
353216315
563835124
27125162
426524654
266354216
307701443
814407491
337400989
955312445
12826963
627129976
886184361
816887802
386865068
229760441
765978582
986383643
814673282
121369264
543540511
196927676
949622312
720357959
886530702
109924742
876615623
151597708
831608182
612630626
291697192
12314798
956943434
108351816
650880543
613982500
47732505
93160757
716500373
334691821
534319015
607925051
274341424
954533618
61847337
484245682
352923809
904250503
17188764
427373708
267439810
549280710
243108105
230804672
481465530
444458747
863854053
262443133
867920955
574302995
489410900
535508704
852483181
256896280
168118374
67745880
706343524
304833833
775173650
795007342
386356281
948162695
123564251
647113251
599391175
325611213
740824351
934280565
225922620
249550592
7362537
371279668
202074847
87176898
61123639
843972799
260705194
312121591
936206983
81222216
996725283
256263478
622941801
635942450
872938286
311746267
845301986
180518975
673886121
286018663
914217381
84641160
441708078
884350679
611387661
449387673
891614950
959701651
318144815
208721445
852602471
401213513
461907359
68616495
49357339
310858328
906685004
76893982
948473520
524350917
145063718
975593947
608537146
9733439
224193335
763237706
463125845
554733732
654566671
112458370
745377048
971097708
142924089
424748462
4401721
230957375
807105260
159712361
562638579
388887585
40292368
870394954
372266301
381325038
364463480
567810888
774534678
916358922
530138959
529311925
907763565
306274573
28647838
760294479
948223139
803761331
944403319
699473374
309395943
286977977
996603239
5880735
544283733
96188643
970142366
543492334
464968159
790216089
982946489
194261625
278837985
998594403
412093204
846187764
422875395
555685352
248336553
704577699
639385661
269445513
664011708
635814883
154314652
698725716
730749034
610014561
277537553
392520101
891812060
317010431
740784222
127596925
269210679
726249533
95882177
559661575
500707634
520153141
255167516
116190433
945857004
123698417
754349887
49526114
70961417
719920542
384834968
405392227
38754734
63771909
167959717
957143465
682664209
120515274
638953693
829431726
751025862
641150051
677346237
123709473
509948640
63699315
450236831
608297447
768645149
919988622
237962841
23253622
342543567
276931316
862502708
498428239
182429053
584438092
653577857
398570974
598348138
832936470
985505174
545445701
240188376
933322074
16088516
538740780
965557393
723463207
749205548
944493913
490121564
680345000
303008638
583365009
194841188
986188503
900189011
12426488
621525196
16457579
951082717
880993089
483430598
12709495
8582384
139296484
706040641
413158700
275318789
44479486
586489536
642096709
485003867
61946564
879508294
630587411
592292920
229314469
444668781
899811621
867682894
568075516
233194647
666991507
157716079
170027579
140939495
859706147
178378215
908877409
35566249
663861386
350968876
856707369
902663046
697819417
727441691
787295109
530020636
171575219
281488263
447528198
146181221
724982415
725942954
676775636
580434621
689752701
493542726
252626360
195238801
982841927
747553373
324921683
449969318
769438770
385676169
867785330
332287747
288890788
512302841
885007481
898671229
324029192
66630651
662118877
958113003
89581435
152062060
737284015
718224786
200498775
181316334
906193834
609986437
793720413
179124807
8804023
464588957
542215460
792360948
432693152
289608763
472640209
946337879
132968912
329875316
885548043
17641951
840448002
940628056
100954842
755309249
33183467
876243138
596770992
193259403
404155992
59865532
323105625
994571527
241296387
857652680
214954468
290826484
647208058
967994534
753752452
996285006
713796011
610950244
904185367
281829749
368841413
302009867
863970349
914088261
576118999
339632451
569577397
119957780
48344296
849203968
948736516
510336824
112245901
990599542
70464541
187347375
53969523
917644412
604048365
437874282
655235067
879432162
178296914
240208755
585256613
154461759
911133020
963806598
339862030
877517174
977607842
942051758
209571147
251593853
148629761
474542610
561642554
436924571
773687744
429509334
462360228
894398400
564888642
825203258
404503696
762332512
247637340
301168783
857875466
278458114
57176299
162855803
530386336
999378786
690167778
835312302
879634330
371998822
571231204
933158223
323489779
937626454
606150986
354666675
4114587
593959806
314072602
204073886
24571167
291024325
492072655
193468910
378465571
958533698
632532930
923557312
939024473
480628939
16718195
424006784
382578342
471548991
960818346
620774887
315576900
188280954
269746907
507456156
555037907
269702883
968194146
350244078
951399103
738727831
57340338
104185574
930281690
772326197
616786418
705967746
91268301
156472170
949188812
669366046
681561826
218387778
649214879
586937139
767254708
285291607
472073092
247957665
199524771
856306768
58229967
409631781
945077127
44276319
411152885
258931960
415822508
674720942
467614489
713308820
544043373
390684919
790933142
590981483
639292377
632243391
651110507
885453674
97934516
122331412
848971466
566977961
228922235
493156390
670649757
954481060
547207020
727739497
476809485
251394735
455582668
862023803
800787869
588630032
63630392
463924173
419157940
179526261
575408663
86682952
662041905
289862135
233078806
843347208
513894799
569279721
97771303
236566957
648731723
728206289
219689810
650615855
572757326
384863579
443469521
83009325
973944717
362798956
537925464
238403026
606770521
1812437
105091913
399180771
631935887
474141316
5404191
635278675
98370601
369456922
780450338
396288393
582802594
681571719
453534820
607828531
687362724
770092396
323502649
846452223
291097113
101070810
82150721
613478500
710410290
288781373
39568540
477421456
966295705
370183673
970497656
796901689
142344063
681472117
1383989
517818142
146683678
909226041
211690009
871789252
378131093
930557927
434333603
410737915
893496169
139338358
83450564
285432596
133180759
476397221
193354023
359224869
550072898
787751457
55449299
791417485
715392727
920818271
373067057
600254827
677359480
662142990
30162071
77753297
592313771
938825330
259428194
330766873
140377906
428175376
643435232
945656807
902333170
812219400
387147202
288501114
15083449
543664599
631933103
767085988
667986553
525586431
582060685
801840824
779806128
362460719
749341636
840298679
652635986
587362753
664700088
244118331
761422675
809248331
106349759
389886941
865813937
91986824
708340904
674653642
995407950
114621270
909198557
115376975
875433364
835529988
678053231
260767319
415444005
354473
466110047
103920272
368232160
621203319
512230853
120002448
970332073
609320573
815828041
419388144
893324396
591586694
871375771
844528092
635228022
41111482
485964804
64180499
231094098
288365095
467803250
479429672
358165852
405630153
270451769
595402146
498796250
365034547
455197216
732145061
181198682
302491464
198162582
529018688
626551095
582941331
979080786
736743482
688457540
650467896
451049052
406069704
410333703
452485721
713365161
687843843
836569583
590049061
453272129
79089965
173737712
351647565
457399673
41991494
207525501
459777380
320493342
393152055
267456144
198600556
206532057
635932807
106094807
845851936
588895662
327914764
381428446
379642466
922767664
299074413
948043539
805882395
224214262
124795774
491838221
678810422
501313073
525821658
4922258
800039238
532867950
290198863
131094825
876472926
317067213
448257973
345871247
252138025
494606252
404352588
140588400
714285078
884394997
105268033
378434498
942979760
523607554
962910544
500884671
446794763
588805160
403888259
159934589
121083738
74097895
96602904
905179435
750686110
30766720
318280057
639121472
598614660
488056645
406052385
902465489
36747394
638559311
649080688
13904027
734921560
575503127
450865971
762938452
56662771
765330032
463529127
866013816
282345718
514581121
342485272
435077962
206402400
517977242
948459185
908707562
619803401
739943064
454863049
695569293
159676280
96100538
78303855
390112265
634645094
812997994
208799883
722900712
93647468
984910746
713859474
935408717
546281189
735057112
485636830
940324390
822905287
910403820
535081870
201195001
32306541
539727766
778277674
866439668
498428126
791238078
126951557
33485506
772959622
107737800
609659799
827695482
311329369
211032190
188601937
523719254
250209047
533567827
923039422
680208243
160957297
583867064
739559047
868668708
879666021
900494334
24819347
24044530
719496363
586897379
20797638
451676212
538868551
220613819
445318635
55077191
847681343
47112508
853556140
328074859
327037287
724798950
888204478
603730746
503573848
93244685
647149337
273033158
573543551
593680261
884545637
284298829
641198673
951573480
375027313
624276123
815623068
373755526
79576540
380357885
769905401
426810346
837023446
910183645
604915806
825240577
430804223
661300688
504444410
271882609
757424983
683404597
772775045
150867410
538741892
611544391
380946185
199235821
770596773
544272180
759598259
205344119
239320580
843090257
205146473
104700384
51388546
949933353
827476155
117541659
219595159
407292254
880476936
829148724
466696871
362607247
448851311
423448661
31078506
901061943
111389977
808313076
322240089
38943865
376689708
146579052
18315107
20637155
793378785
275062541
431850134
974677451
351092291
728932454
694950869
656568709
823271195
822789788
801493906
385047296
977906260
814145245
648658243
288438217
81867342
957585877
512020667
6278380
258976914
791846145
509609058
530557767
214770856
160833303
127917142
14460164
64899850
651511058
613937067
95606452
465294138
397368797
723827155
151707653
500759707
298082329
703251488
811425899
173220753
447539527
349905825
308140008
964867505
243639144
850441268
890253872
449962920
173915080
392330316
144901171
24762455
969120852
43061361
433048332
919280098
916869478
113723656
582336230
98699643
852064945
915451199
839587054
121123761
113615205
550972568
89440323
198225781
500505790
563815017
492166770
612053787
32242354
841992028
697046878
417357990
520737402
895723098
33096518
752591994
927697714
889773054
327566401
298183066
871198146
151153210
42012536
403859530
86657015
290923759
524829504
232012220
306618964
336437304
834795447
937431171
470337237
855758746
65404229
189365554
324775378
15218775
886479708
832719025
965087829
401969395
528997429
846407592
10446798
749389720
208365311
572744292
39155612
545001284
4663093
125601165
108728097
199112429
268126298
311913374
472330888
533636570
761501556
291735242
698665100
636991871
326976496
575532912
628048135
216475203
591470135
651225005
495014936
382916701
32272361
972967947
460586991
525510359
424460729
316102998
787072824
115415221
469918949
317716367
701900833
594804271
682997328
100646906
498696714
878584345
690423101
690849874
482078664
597850980
863796650
825685277
167419542
311204541
692566599
868243226
814710681
347944019
75409938
396407254
947598863
921132470
477491600
675497822
79793171
865514459
298248617
680196878
573958671
49502524
436742689
357435784
81934014
912100892
320910255
460481985
878868956
660429756
694919989
552248685
618736313
545858489
460950951
57124342
810934813
981917554
904155006
29121786
362301275
310694276
694072379
230657793
74289942
688388763
111614332
73039058
501580295
440345809
717313414
77050002
800995431
772440815
709342565
555100005
725925581
473367422
215292170
886672619
45812286
159213109
147797543
44413044
495341519
452755782
461519294
795965608
193658227
225259524
226549695
358656637
218719979
415003320
765320555
351422077
75678918
741280936
155762388
575622423
983831528
302806769
955644943
799071374
305161608
49466731
529196304
724762111
814934231
384418453
57618357
883030102
709019058
124088038
100281775
443118317
814311233
745117451
951170124
760207428
957451912
11807580
449791759
428538862
15402056
915659655
664210661
618945307
480220818
469112875
900996532
795998236
779245801
565164762
420304939
779834455
707014873
209461391
705656349
58444954
940071744
559973734
970340988
717732579
138335552
845172892
588065925
988737230
876968248
494324636
429939476
848650142
744434036
330202590
233815862
34352142
285718164
486238655
117981259
775748342
332500671
103248174
28859834
981546337
29289644
832533330
434778188
288425216
987023826
216735742
998962156
695446596
203231108
902972159
3284815
124056836
681256630
449632084
759219824
899559966
725739938
995570915
235787989
313416501
263033012
454164292
939041408
911713096
235903670
685911693
432409360
238318700
116949691
991957795
343062525
262088693
40552508
517930757
665508421
719320510
289708991
365649688
336949930
739972880
838726240
891734795
529275729
533987919
76836272
242541323
897052966
374246946
13816052
818917486
886587383
804573161
639380754
11895228
526919872
815933402
497332065
428925442
268036795
485351215
610883309
932042828
576719166
398884974
92225797
836036827
171234036
703298247
612446698
601415773
842680559
450949087
57398435
187180498
426460665
938572361
181678186
280023897
989768433
864307797
222010794
86051351
24056751
851131567
116490564
555422544
588648266
448981410
229390534
833584642
887196962
716736107
599677319
276307433
8196214
792431451
30579642
581248769
723181398
539237484
898827971
611998450
692974990
325160596
328612715
736112546
360952295
534799489
804778812
272487434
147330905
223100818
145097844
580177342
855626541
340212420
665827498
497185052
944109283
218222609
154386571
916219282
473295378
966852631
558087870
45839483
963960185
258320784
275422793
642914712
951385417
26876817
626943196
358887464
922097500
618965203
89412177
234571745
388955438
926179544
479150808
287947671
81934576
259251979
582931316
414207407
946330101
299012804
707734141
515748744
278426620
237296043
514872884
468098594
16478378
338214460
18372957
17883272
982860839
482407725
628752406
815692582
373093677
988580761
602229048
241054207
325637575
900002212
670272219
905743146
65052475
857244661
166046982
231944815
332317999
124886713
315350626
57774477
434528842
702079751
479271169
670762147
510534519
136770873
701923053
163047845
340230410
654271247
74743480
358816714
195978921
156446381
493268105
966037909
382651022
458835994
873403949
864883884
369382555
754858981
320555102
383773197
464886991
149284310
950541583
77949845
961781665
695085887
672405077
527090079
104413695
802106474
335767537
174188229
490550498
657550206
16936589
991233197
284345140
736224120
6710115
486930438
596781398
887274764
698880099
8189034
183136318
224994863
697964353
786449433
135786243
89453432
940656162
314182300
232588996
704266477
231282931
18504213
906039956
253697697
463925350
234047922
280324610
513038711
469699722
469370684
808468035
915028996
400408837
985994700
521282046
875798419
383270129
148841372
540388276
650861890
759716433
973870331
392281290
956134217
638937903
398040666
138364725
164952155
344187987
422139268
238522817
541780773
408236961
708430315
830421758
560236019
799283216
645388317
669334727
715124850
530230595
991809622
862858352
673585040
242976965
646972462
892642699
476694399
937581399
18696153
930843948
907381777
305107655
414937566
420478072
915342634
279106776
645214391
759925587
811084667
912537759
821643841
744294852
55118919
422617145
393352401
263770864
784387127
778027161
746980385
90131459
597473081
126576008
492329506
238317465
49545295
91327137
875138773
149242254
726378484
425639542
211088329
884649457
790203686
823744977
417413425
268807959
226418453
388015381
811222689
517778790
472775106
161697125
678563491
814336804
725466647
987532926
208638830
441015876
489462481
520020538
338220489
640454611
477752082
278233967
437608401
444387421
763456596
833748978
880305470
841721022
863256315
280327902
346290398
605758726
240293231
22219930
713308970
216191796
196732774
840596658
595100918
569297648
78252941
21930056
523760688
863924459
68797147
110017763
270342141
503657121
262821162
39371120
406910800
719195392
247543448
723241291
198387445
693183651
412197096
816742483
437286807
301956380
613999329
626757475
404047684
156174683
962030681
443490957
107497357
55210374
286319914
68928491
661598843
981998087
946862698
826362283
443568454
261255528
442925866
652659636
765847147
321529137
531771469
611517096
43612379
209128560
652676336
957683747
647304905
124819653
982780029
664466594
840201644
332518606
85589211
750247122
61748478
250703800
73996177
616037428
899934632
787258706
130210707
113657253
158520004
813848744
71736968
980853372
516686912
702697704
802123410
802772753
529255920
5450491
809116152
569478746
773931677
370874266
944096543
958971398
986968037
132868718
835370061
657325082
342731941
188557832
268374183
341556920
290981044
393533541
677519604
485085542
466978225
939577382
906004081
277798429
736245866
421868978
59057303
488478201
996405811
593721627
762179443
711485611
723147063
963414352
385797162
216730215
664022584
12713755
594919159
503554355
453313888
243760529
358107629
571617458
827480555
590730017
350915569
141318574
828437952
570448038
368415544
965383710
102101004
174039255
39683861
915274272
146475650
429324969
641668547
667510962
596610663
780560055
581219695
482010245
904115892
362691730
911118578
343581733
878812184
72857143
535883531
908320389
332525943
582859845
492394798
670915463
649943117
883721409
311542946
243821116
852859617
529867612
768915183
64596286
209062623
474159376
548692053
568097982
172911030
25313595
313675363
586595107
132460171
21281597
739222730
618951523
326079163
263355550
931660561
612439081
599554173
470439793
271148109
25425928
839185972
701478613
112124030
149380504
581050859
134819310
223293687
955624910
219767322
221640665
18145153
431641701
915191804
277109887
509114393
122005242
57663989
763162689
149194522
289541954
732654365
462781576
897874837
561686553
759053648
610607977
245921973
767045690
410912355
504915444
564037956
356172954
732934257
319214362
862527814
601087073
308424019
994581304
273397187
945628806
711577668
907222179
806514949
767757861
205863571
376674481
448958912
448468271
833860164
454483394
535356144
284336644
927581005
725710063
620641094
324123698
411749408
673758973
579813282
108468556
87752441
915097310
954169967
755682759
218617425
961535129
680358858
439071412
730608292
182077484
315692883
197724057
176445578
815310591
659438693
104551015
239062600
927288534
198538312
773463767
639405223
5931613
973021693
446481066
70551764
534456428
933397976
546989447
720704182
660263944
128218768
539745600
759163663
247972699
916200964
150061717
67621974
442171005
478917076
855894028
99337274
284320137
961781063
515524685
546156138
543241374
858575912
641085678
745114625
115442175
110695739
720113771
521319821
362577498
753841755
247992625
36510502
666110001
968262105
331046560
484423973
245924243
780457382
167358217
630752886
57358071
69995537
259230259
940135057
457072352
269570093
892582294
975487377
961448916
460662550
415481018
922429307
261120291
328079069
803072897
924397170
184137968
121583156
219200619
568031320
183148807
758546767
276746240
688930053
180144171
523175578
151897098
773208795
111135296
189822404
626660916
642472922
32640681
880372089
420785658
387553888
469327588
839041878
627476189
199051296
74446908
794707585
942967139
544061205
674813516
618892982
122196764
298675712
636663535
689778504
298663662
493720331
811330202
939323343
847866570
20414154
591927434
36171646
179286930
371293921
282759105
600780196
10846404
899464417
218680840
940895385
825999922
480630168
209098755
903064692
742720112
41402748
491112707
897279394
768442363
112985734
310356899
692439165
811693906
960772348
211236378
379059623
90219360
847634004
145921090
366942800
590949221
878998887
60906518
942310680
229401175
210176467
739665663
737894240
665710474
419595353
747619483
874791430
320522249
134472226
59817666
793654535
284622233
819559679
913438627
100856982
515155802
692250571
514741628
89852751
357605143
43512557
559603077
183381290
194013434
245308186
300881847
202049807
725309303
389036020
73128994
657011843
707948476
57114307
769645424
810429272
782731251
439118553
346130062
917053912
165238848
35035157
842489243
943901140
567755259
465485819
228519420
862905928
808632600
293424749
986016140
561142188
419745192
28423688
69500145
108328153
174745464
510698014
168391946
234404502
155860951
420445259
520323460
143434687
734009718
480289718
715163788
142704145
136511080
103153126
915263902
306664852
428588616
481522494
92059004
184401061
861037177
189697815
825563963
484315295
245334152
518798968
502449958
130112175
705874036
780391591
85274128
824839795
15157537
860051851
9303404
401467952
960548034
410168357
541804590
660007032
762174505
779250518
696950076
587827954
269533968
420910319
736264963
863957086
751057674
59044568
508598933
685750847
824756210
568220885
878845177
748247140
12366797
241399213
680230541
90959351
945510528
28816654
187621146
979294047
655563319
404369133
46428286
665987320
416825363
391727468
996646077
551245674
597186980
766660262
667759159
154776032
920357261
108596202
680351063
622245469
998816865
89738542
9924969
64265880
38335278
789488807
143546117
788521953
801021036
711004277
683745068
157068263
709104068
892134132
307712737
695742940
990369010
271423227
915012049
127963204
826400453
452356526
83255853
175553888
980031044
329039873
524601753
871738417
161451499
636647369
232671548
64967723
363350803
672710784
498409208
763410296
799782767
195559317
276878772
562741221
891683506
306648686
919976148
81711725
287457870
186465275
186440394
715309920
947639640
650495992
187886790
248080688
128480903
180280255
973548937
250468039
968451927
842054890
356786011
194406077
69811979
841611827
64466551
923664189
992548932
668021004
190816139
928476973
240028861
566921280
361759237
178390966
173179067
739317909
428083613
776045280
538044063
499117049
637820227
97817546
917247387
500188491
92878359
367778946
302914945
788582594
828661394
566772615
747897783
136269054
512497368
983088967
748930217
265987250
949311160
341792275
958859977
374557160
748017153
796087590
787234726
605544482
52703269
608046229
675492023
939117028
206491866
626429911
225723587
838035989
219839752
699071193
797725723
832264657
257926794
548283668
228415740
488042850
934085891
117782575
344612469
913280450
307440616
979731526
974384936
316674791
500863655
506083313
803047627
159241310
516384134
718003798
71741850
678244889
974220436
23314972
513987895
71065144
202484026
949524470
25713199
857383769
760690873
89553384
897988162
619856747
551722243
280209623
38510873
438155184
894344765
354409786
286529608
690950798
937898222
35025329
483608099
290429027
547881132
627083188
340128403
593147998
381657870
938871690
356689101
142256196
802340235
946203521
632430852
42725178
992201088
983461062
829725504
307803951
861058640
262196710
382820679
486764264
899866021
202932962
843774903
152572585
158369749
233790696
870992949
357090685
713074273
732085172
132080320
673730851
128860823
108738179
671087647
356371031
633301167
333894521
545811765
401509106
368856556
962484995
116042798
695660573
363480531
334998245
41188710
313391316
443215347
506901198
234477669
374847698
436912352
528077013
487774885
446647221
279296613
445216675
223801668
413221579
49307069
772735170
575700420
582595134
153382449
254680793
802514197
546695588
544469311
478052242
546388175
114316213
902595430
277055901
367847435
713718040
452752785
634007638
445669662
601803362
766624115
31382768
2128521
879599967
982379972
217394059
466912441
518485273
168993525
688104265
699754215
273990608
781864781
122756148
318297895
936915319
878379220
855092117
764075664
496498303
616495840
301399581
875046706
264605732
239447313
852369126
76300332
44517339
308452369
63180636
568104004
564402210
915813523
73760728
170549656
255596442
489571964
56166383
883706150
214776667
499478846
765193044
718222951
868461298
16962886
967430506
601461014
429663736
217948812
270042986
376289550
177459024
779614279
690692910
731737681
181558211
748908696
327850789
849605706
931197345
788218456
814191749
55057983
496936706
745985445
411539834
128811339
80370735
133182730
959057326
767653304
20011818
499673221
506868919
649319151
316860057
595978908
342677071
30915572
959569969
242099092
122996655
751822093
658347303
42981170
591784027
305217371
150886391
139061572
458425571
66977411
424063151
327453306
688624185
145552296
813863097
12791484
52349131
171045015
850048711
475037373
633570251
193037226
195145957
661464786
259033191
375780126
685468577
39224027
277884976
623668410
659268920
659252577
213416051
653436864
792487748
3071145
189707958
808923590
625972147
237388743
472301737
175961491
700936026
974839491
268735122
643987470
458189622
515279299
152830667
743767495
229431695
82348253
464900526
583249929
728711669
601527543
607409099
212652943
626639113
192943310
964938693
493619798
64869093
23433746
906610633
516255373
926307369
677115565
392478892
381926569
156737955
115783204
48609953
392614037
399759002
623354646
98288020
259241479
622287799
109838117
702716398
98040977
480169830
811686468
757341447
139740627
401376994
804033125
340511631
555972108
174347770
294192736
705264147
796761363
192800218
357786857
592629603
101630485
107761780
493215911
680920997
608385597
588182757
703113202
977086597
455126014
890523637
364256814
559901834
174276864
763925181
179860671
772610436
720655524
427284323
892505511
255037473
732628790
684835841
359010755
755478176
450904494
61435300
596518559
621932701
224976419
241211248
871355889
682361354
462417101
56813025
880501945
383325502
539400629
298070003
497152039
386009339
75126724
186537717
186286748
219330500
797989880
696218987
312849869
303008190
21871545
523481325
295815388
638795130
358732858
318449796
458317923
698400048
25288212
838204407
936617416
467199609
2552247
313389254
562918725
602385113
829802743
721900026
149014591
21107231
999199221
704536640
435967749
721973990
974365821
972385600
363327159
566071
577628928
620579342
118205393
903773004
608928041
483474105
356970328
658841199
132445213
655245058
603150495
168541185
540531284
423197735
950553526
487471767
793141519
606414960
733721407
664520053
900167771
501793296
201631054
346241938
930759567
153839963
553391483
457094285
708739358
265759114
967820031
752949614
493016895
48975487
350990342
975997377
105948123
812317397
394590076
790480115
48879919
359743344
558324428
792075151
500298051
631338744
127928903
24227046
673216346
107930773
213761873
487961316
310748175
527279284
578051105
283222610
866402810
896848465
6249006
904559284
4396470
618794194
598540273
24763386
627261282
335791481
133284053
772615034
754838276
115432837
932850452
327965502
708109478
458076610
529769138
936442343
957028225
822505503
332440659
362717025
348245331
308234999
861514742
891758633
351759203
783904690
943194484
272340849
803601220
603559510
584541799
636771581
314121638
138801410
673710078
632577950
701726170
428676159
777208287
944607429
984999902
871371696
115737073
814759222
522165898
361153326
782081895
328436391
552183441
151648955
547719809
11320759
467141598
509271658
714930475
905695467
201101834
708012270
543944131
621383490
553168359
268100285
84968440
885083766
690758112
375619534
806418820
651057242
143624893
814385323
323946753
512881970
142860537
20676266
319673887
765101773
609193634
128626292
431328720
915181089
216321456
874052765
213727957
814677018
957370992
167768859
960813869
297742048
698430071
172552756
117737339
164235876
833739307
578246793
908239318
923964597
825628696
273355074
471186662
463635013
324241361
782840364
685277924
880881254
886678788
718949723
625569206
800879767
251681639
796677484
256851938
95760390
82849703
587769061
347098581
977246139
383003166
315431570
320970428
412834624
749193042
66534325
250954574
662230896
886603133
936664794
616198040
187782827
743629821
158466665
282225810
254054289
575413142
560082951
213572124
517480724
269597253
450171354
610652715
700731068
138044102
432227040
569692446
238725524
406326832
564058861
547144495
175852980
964685375
467051781
598324332
559381155
723053247
856643429
763922698
96554533
505835735
89098761
455823945
15993765
360993258
841470857
699192918
999496433
661763700
514647158
424137088
807870624
661484992
19623814
133289339
300514965
507929920
553106665
597932880
598859936
813033868
261238970
447442917
398088515
283724538
93418641
357697316
50725334
41742389
780199371
819029298
529928766
947378031
695960528
643386756
922596253
665440505
567837039
348328156
760536514
816230549
195710161
438867178
190310812
865147451
539237466
601548692
260861034
98810256
361728215
301996423
973290912
560859299
327959050
279358047
766321381
201055901
986134592
643473229
200701825
379391527
981298697
724048548
607287245
165313781
143577405
775630421
861037863
630718927
490791737
271183875
529799935
823068989
741562695
967097026
296222478
700719311
203678492
326807153
870722215
159512326
431233914
270042289
21596453
941815778
887119606
800040321
46282116
37767177
160640724
91155320
743841036
415957137
766464526
864940446
293623592
673709418
684441204
787244262
654781013
325286507
331602925
821181772
586878006
712049911
354204123
945558151
359847108
786051148
192709276
174986402
472975464
359890733
829406943
342447246
894272920
839222506
232396662
378256884
278050462
615481201
412279965
252880766
639849636
642102974
11785957
795167436
79254053
229925577
826006583
316971739
255741631
965206579
652500682
86566975
583895584
934216773
640867873
929867799
984540000
32666217
225971349
137759716
119481118
275434187
768110416
315581879
424812431
220941115
554623804
346869237
770572641
221152665
259329253
247551718
586021062
373541414
109402599
138197277
3587366
928981560
108921149
800537062
620282416
6784013
663034887
589298149
117560253
684650068
827033493
974395930
692796467
260264828
722503204
608340562
17217040
130459990
279827674
136009391
233979669
507487567
482769850
939992436
900082683
494642833
623631661
325505270
763663391
848171478
911693314
161706057
80726229
859429082
272244943
528632116
738100504
25113540
988520644
220776705
109665250
582928647
100351305
769535829
239449318
46035905
807730959
143276508
967456695
902456016
528941253
740981884
696401675
946873914
99877997
549819967
180362220
506201167
532528893
726591265
220104283
254100417
647908262
572730027
157708549
598043730
483836718
330939755
666447432
823298658
43964437
342747361
403826443
835870240
324314770
894402319
926491742
607338585
576934235
558967932
643036492
494620436
143122004
798566519
467503262
923429970
784841388
297958380
990865994
519223012
504133412
407912286
953225242
55402533
816792380
280926788
480732682
625710323
556530231
445641052
309269829
744718426
675657979
515972341
660012456
765157498
294268833
161046498
110568680
848923956
975594227
579580293
156596584
84804183
137210651
542500616
789767490
146469917
519498372
345733711
252204951
201276424
564059147
577500764
237868434
910195097
552756104
270550750
129105463
964493513
832091516
764377029
472343484
509154802
197327672
772818210
687132665
309586704
585149341
807999634
457925260
397266488
657128208
964444485
127436060
440730041
182929545
148185770
227362235
121372110
603609547
769392569
173189477
987410940
178181806
712296156
245268133
380290574
999073176
208351867
135694935
270013099
471957258
563387939
571602568
442018193
413440598
196913746
487442297
248098672
558916463
524433121
714861763
478208869
965083609
280313358
498363540
572148241
802888741
404327191
744073814
654160419
74609611
997940142
812243247
912582887
820385707
99461677
98228384
762143231
90037384
804403325
102187735
140483481
74267556
738169004
681914519
138911841
62941141
477720380
540382175
23565831
869939623
639715174
456806949
639177830
865425603
85717486
372474224
817637441
159506426
493223843
11762096
425377940
148006705
941217280
855923639
587441413
201233385
800329717
351205336
97860985
522281066
148082879
451131931
290716356
326804876
423611124
1309722
930009499
557622395
38847966
986430211
108772727
959433738
486938115
208191158
226049125
902595697
900963561
302168505
730811611
578071703
859902943
887131758
568166800
214989971
394237675
694852515
668140858
913617740
773951331
67814589
473586803
714345903
462322075
353992832
186357685
512248203
280297912
449458564
54921740
482535843
204122904
98973867
116696530
495001625
289375796
593183902
15475885
977610976
937491582
510615038
448336119
257081364
173910355
107060028
514589838
810925216
491788623
811609965
986018760
700967795
852465639
373923810
340218098
648059476
821830783
139149349
842198424
712320667
828420966
116164505
25563351
487711973
281479570
647740718
205880688
137700542
850291575
912931049
689784251
51607410
814942564
183969337
958350482
977818535
833910141
985951080
310827744
267941159
414303057
680417837
357584321
451225879
864260958
732471638
262193716
239934090
541410754
546599044
721389918
29257732
180835639
979532297
888108893
656748996
224773278
181814505
780680739
260032228
790028184
807940210
152964432
740678881
556825463
133731635
413633671
804460107
752028567
219061258
687447061
528720604
463741844
645863377
879369762
657466042
40585536
229445268
294192611
32448740
814919465
365635370
418466300
304393033
441813600
899410418
879268164
695357446
231036482
684017006
683356341
967535710
354603763
812538703
993881476
113558850
988234115
61708166
6595245
556494598
633790455
813885050
929183666
623884034
692998600
185853258
34496053
259947679
563725946
76314230
726502731
409114533
163376802
484482409
916022662
484232609
167416817
971859571
546510106
182514381
38401424
859541185
230458983
211556732
701735378
943544901
309400189
284961243
186271310
264575618
588990022
69221502
953840067
263897266
882160316
256250695
116427004
684925415
141872546
933696916
354159422
184065198
585501595
664826846
463903696
296233402
819127773
497507094
332269246
474966804
382347380
671220778
465217834
400129446
303352985
209279351
405368321
987101198
874941181
723564748
405992989
208442740
200113173
746034987
595732080
750085391
694824237
46609395
344614806
323107841
15151252
455093631
364982492
877282005
751804476
718159604
834551769
862017799
767946371
690834628
31038830
973788261
457613246
870959494
543186241
675893466
709653294
62197072
476500614
578214164
348233380
461174370
5413146
928714325
539124285
672233933
968866666
907043912
679429067
634522025
735388103
798423898
708802769
511909203
332096064
814202239
50879597
821735563
81907554
629428875
428842218
408294862
468882318
109896062
548801563
765345773
786893157
15835252
563472635
43181165
340104698
614977975
129917453
706436435
127766409
46227222
825845366
980853511
443829740
863718401
197547391
741702095
220022256
527039669
817270303
91107704
279866279
60448027
30937177
731711655
561841240
507397482
264816178
749916493
390595334
44090089
515103822
900024889
726712018
598664230
634432967
287166130
798177106
459276776
264582582
741634046
426566318
99546092
747115031
776126297
874486911
6876002
28896365
812135212
353647011
916333817
275728154
816043517
560572625
113425857
688330982
977688716
6690367
806332949
488799888
570244881
666425132
974435323
302775724
73838709
848281339
176922959
575949691
132823402
504327560
510228023
992418975
773156797
292883718
371507976
451051132
307030705
463303356
49917124
945424856
162396909
985659107
312797199
594191321
435613773
20017065
424069277
702667764
331955529
385246147
239269575
30599298
797528474
777887291
99350348
382570769
43634264
458909298
511496022
500456803
529553468
837094887
103003519
206707844
741189617
701732434
550578580
432352801
825934752
757491127
364878584
832695709
538218851
908286292
33366542
301585226
576407758
680638610
174535672
173890060
845250433
445808435
943772282
549156491
108068061
749766679
482230269
259324436
310792403
301433515
225878960
607047437
445742040
432991471
376932809
606530323
572674549
268464673
5551081
479408306
937619194
112610827
793387934
229562560
555519206
494038786
231153494
179461362
713195498
938963328
881120364
563586028
890808435
92138166
118680592
932583456
605080529
158296438
831735875
740361873
744016812
866367207
131719792
545620693
744368402
188777417
153808522
491698983
361155103
318271958
50801047
918411336
50338115
564824288
990505796
390762086
921622598
795395418
107725463
338719089
910582654
644342406
330094012
566159964
633316990
278383559
264740078
419973857
91020409
915264432
654690963
533515425
847132769
391577976
45392710
149755236
61833468
491716618
905509503
201352062
140135074
520940089
420102625
137867852
642985616
357740049
244985120
680779998
459139052
494205257
92185263
611533910
952948948
871992896
697836175
845398055
539388310
621430753
773052834
80536649
360166452
972013331
900314753
988375987
18570244
220089469
699270782
353043071
373190948
761377141
436693764
726376617
258679718
531168843
505785629
308235878
625041385
739562288
136543502
69799967
829997059
117858754
951674397
25452122
747669813
544294515
528378722
300195154
300525343
921679131
647523657
266101280
133067999
383407146
293095226
144243901
749148587
412761849
693698854
602834167
41956150
370691214
27503915
729816225
133819642
528116761
588869365
717747435
768685095
358811546
1851084
195980840
781758112
475944361
736086171
400452395
692781184
568490686
196099355
720863500
614290809
572001709
644187458
693023174
363586236
693057796
993174024
247862772
860270143
543434619
66268143
237354917
238312656
249046044
322531001
34190118
311407849
344324019
703343387
888963658
257271581
771057983
663434199
245267870
62155338
215467980
900001573
630634051
470020913
608633195
636479545
796725192
957316032
73082793
740781102
866125019
59610085
858607163
390301422
753911379
723542773
980094500
566631565
345429120
172062618
985688150
52766274
843435421
904151129
67826802
309717762
810292578
529172668
624489900
91748795
233943478
675248928
686464970
428766506
382022786
780264733
669538379
905337689
996908685
989509028
718903481
709534707
797466939
9237670
358282967
283930769
786678570
67785723
783743166
757931290
701058943
762679247
904455914
115766828
835318284
612094347
477239524
528533231
431120249
313697724
872454673
59525650
807700653
408356921
209171750
965024133
777448446
136948919
769992994
367137463
317734357
982177324
207196067
450312843
676004717
649053043
971190669
873292016
203749427
326745409
16989658
898458304
475984712
419161348
258876231
738981547
276173617
650166391
424945824
603184528
730946568
528708419
464001390
620206337
134420669
305850621
792569935
310714483
132695
145058365
457450245
563059947
398740824
220048733
965006252
856003397
445190975
11960528
27726625
211597863
790775580
370326634
548081805
100769909
97980400
342836612
138482991
485489656
243343097
364954895
825895040
474811939
361693281
592876951
869212457
256750964
246035158
600140639
804517292
643079144
687876257
527151632
125592084
787231092
752485336
261175899
700136007
628913230
815455141
135855358
84036159
149168717
212015212
662391610
627717338
35747157
379028891
453870090
56851596
728592376
604602461
49397498
955988918
438449494
542151442
668150040
167903793
228270431
987408548
477447543
401467308
434436448
56198995
58498705
519066021
472607737
21731648
82928976
215823531
879197258
345755248
358248257
988872094
13594176
932726016
564647766
10342626
832018504
572093421
60533730
983091519
568179328
310508224
46814297
294102725
718389332
621599124
427582662
77889424
889486377
288780893
278709879
668936954
751381707
884968673
356463808
66005452
512205320
916567325
270956723
325499000
872637821
64616176
537836554
1043399
543307508
39596230
719446575
351948405
96693225
493646191
758591143
487585880
979650821
886365594
725136180
85270304
126575109
625355810
563484773
559299021
832075508
252346642
414172637
386023960
259123067
407388777
505323577
600428388
312533436
315942087
830953214
303920128
990883212
787151185
142955486
245479641
294512964
936795051
757687178
555411023
239836964
854743586
725169710
343557156
895626083
668430316
694231438
122366609
389980887
990047622
413582523
841728115
983467069
905320253
364838769
687356066
43423782
653643721
339557648
599545443
798399359
445076243
599472437
873275160
756442613
65433155
862973855
994159333
427976118
10008260
327738793
27667394
494275160
413764382
174513259
29468135
306208359
132507823
361118329
161763879
408727315
683880416
610423322
523390339
212161396
777503889
48779363
602306396
755619311
172177472
907558198
623553358
824657609
599066176
220785548
618040010
604860340
584526218
228916224
329976018
941582316
215827164
221724490
805166568
419692096
724012798
830225493
374723368
298189761
374487328
798895102
337042034
93024517
643819359
624879723
192795071
182923800
595573606
683779590
498653077
354394881
638482225
285740181
340002028
893556472
556956210
923141625
111012091
147286014
264683644
573583776
603016468
176657690
298689470
716041094
786684138
177853782
502698049
676172701
537544595
450701139
364766061
106357277
145658106
613294792
232657643
483975628
333571665
737729192
678994123
168354022
255625292
474366551
7411011
785134220
963290173
42751200
870139551
322216770
327595463
312007289
836554766
128237130
49103409
274632844
839339498
231437755
177840503
517976676
461190165
190336571
103661690
352403582
850706009
764390999
104324151
51754947
559265161
156211412
670250713
466557937
433908413
863461878
469857854
838246556
286948017
803334877
208347608
896891745
508074167
189485099
666508142
424208467
839791474
933085598
271462924
475730652
212286476
194061404
758258860
102924617
138224811
247169767
252206877
876566203
125809946
565909140
238481170
755660899
310134152
419491719
436919469
93612313
795917179
363774333
263202641
442436710
95397386
1533936
231138640
110151786
430990552
744595921
361024288
436742631
946514017
856322460
564471903
959967249
765611691
926933022
260999612
470732762
512743561
24880163
143075840
453156922
439836225
767794857
183937138
542244300
280209207
200605776
116624770
58097633
392537581
713578650
365933697
246794134
954065392
703085439
212002908
577604379
525415518
867682474
93820576
956840136
357978088
622310717
807488944
927773024
636200228
691197127
371484680
840330413
82859222
143477682
994866070
709954860
160015317
49746148
772151814
799140390
543368167
30879401
439964044
471794016
699792987
491957885
360865491
410608112
66099664
541043943
853201849
749656724
808727073
223421221
789220271
749854264
201625999
69016695
567055739
293674302
925766329
726742010
134122511
521870806
991252450
208740470
519674564
646449861
853960265
449928163
633172679
394160636
487281464
770793855
403649467
562790752
169762200
84775892
225788944
395904846
354611884
580362511
739712529
264415528
237426062
310417575
293751215
495111474
327116374
893395895
423033950
708163644
600832535
993362691
777008288
455529251
370649012
429801692
105246978
55027299
535343629
697064092
734997243
780222389
862758639
548444011
89768008
867890443
268406765
288416749
688715870
694988043
24930312
957521090
422251794
239047192
567526464
402642400
27418267
567995813
952269857
728180907
90635068
861989281
34943445
394265911
16525547
268193170
512660693
125813003
34747985
842733682
811247036
233441261
143356964
606037303
330275572
525783896
536133777
374449177
791626273
230384803
680543844
685747339
873364158
829236700
601426270
3310138
128049328
541634134
898478727
526386512
615756842
527715537
748794266
795371674
623650874
175839635
444847448
638490513
951495358
22884510
507560155
592757768
760109510
219014799
658227872
40069650
464224344
525220517
30438403
382690159
240581493
625019127
451520362
362948628
755134468
106396402
563838265
675500959
605351637
901904926
498679237
437579175
718692211
656597836
725753397
110384637
587883737
155664987
977975686
66672260
955609412
831038630
639606184
218498218
171806500
921590797
431878342
807506562
37841708
406555807
82645155
120929664
795894664
652468449
888400928
58685136
292573230
845244094
744899802
173294931
368514126
122110730
660885744
582980407
753479395
827212212
54382306
601248049
834130539
329841288
789843348
104586586
268727219
976370847
249748082
669032867
442350540
476279908
163190702
80240630
88159811
508581541
263766507
465516938
576439279
137556576
759608868
784995811
168866896
918545463
113361462
922994696
861161103
570312340
601640304
508731553
3481027
674423337
666093582
928570453
165709600
596818130
814202351
659445368
210799115
989319558
376127813
447437446
922989374
779567747
883326629
333312965
442416687
789069830
915875391
834985879
751849105
9642662
909763623
702854750
890730995
24069453
517100497
305274123
229834119
577859284
566785180
10722630
619964414
602873658
193684357
31813172
822628481
681860604
885836309
627150118
646965203
976291688
646499159
674941499
114245203
372709209
375507300
864922914
732282698
180090133
348153576
809759742
923774875
162840756
421613371
206288996
854694921
107934907
617999114
341819372
39105750
211236533
573799095
691170964
228781209
813725761
63703035
533902301
583868063
879540278
605707095
61891515
975513085
149933024
819315507
633555110
108366132
394283111
607412373
733023950
890657407
315184720
901701503
352890475
30221499
722976029
329831141
956130610
480398067
444877584
243222601
265082595
599537288
63665422
769387253
756040447
146343417
242283678
317534421
827631512
734791765
550417936
27207918
287040
753555258
767639738
605435263
367294499
648591752
762844510
711419314
77725233
308950183
118783743
144026739
602197618
630260178
762447390
375332735
382510528
565828458
327260582
942657799
243556237
23669960
132820488
133123744
147626799
788451515
230592841
443697342
497787047
782771219
453357004
991657779
653432654
985168011
546334315
78481358
202814806
69484857
331730558
491121148
806104250
510007440
552898658
727795884
670329818
666465562
737892146
213733122
550083323
982347130
535817188
52806899
490899111
511291271
701741443
841377180
426360883
307366779
124344567
708459106
97597611
591525488
841603508
497525820
993716994
433755560
336104504
795620106
931290980
661042295
185154736
604594830
720880552
947597005
487856571
286075659
876419297
468108388
817740614
320604024
806486547
47763074
694936470
208784225
891687427
463493739
116015204
376986203
139275816
127514727
289753634
634469666
691582653
425716587
196134748
322673745
724975096
214401383
143068730
470359740
402339924
472791074
894599533
364445707
929817847
714764602
299495328
625117341
896227723
246018560
811082136
345906046
851757896
39654173
320592270
317651920
97138378
453502411
774392623
235910021
351086089
149347249
666645383
171529568
443754236
715765739
302118631
101189544
200270064
173553991
830330479
249379628
779812093
204766930
856723661
995911639
924381594
356254971
904145188
36284139
905047885
481193318
91519497
999161565
175111803
719558992
37280423
257956045
368885853
705843866
316663810
945358241
191066387
751307124
296144472
242861757
676598995
110812839
599901281
812428858
628846718
641619004
611391902
572275139
57425490
659366554
487288310
63106645
404260017
677972279
398044815
16731894
60534827
238802835
982325524
133360542
593233234
425373737
851273510
942974409
409379968
456434056
335428703
239974633
589998013
763383871
521527056
159485908
82945914
932942135
84047493
606919213
712729752
299737504
639687532
102877122
398013099
226533203
923039475
937618151
52734272
165023509
78419074
293889973
3123893
660781834
967959221
625893736
925429072
874392177
740220485
250978433
930898867
251936774
815461018
41534683
261855624
579806442
19565582
43758310
14681581
96114648
823045140
51901228
998276873
845964313
449685336
574643537
607549237
953591355
924088406
146350022
962998776
836248557
920339783
182174568
355076374
802779148
973755659
536057804
101337019
788991520
676527603
362306284
206618296
714080032
899650137
819640783
833309452
714984817
287525296
133014590
866653625
756692518
753042987
18526700
574090518
651576659
487856162
751852169
577756883
225238328
748012838
267054259
220361064
346340124
94889185
7407310
505657077
319831423
956569334
610996690
626800051
489772255
876561922
518043860
956696186
906178881
389295353
830368362
691561437
427211344
626494229
689497868
472283915
184335076
391622773
726298950
841114
407630307
747842529
889603197
220840577
126650828
730541486
412201297
352418545
812074157
74099312
915595717
911556903
854781604
337085217
539511938
775969000
736233273
621011574
733826757
816177194
562315596
618946278
52656083
79491817
427698753
475627910
170970777
253334286
372352096
510045523
529778184
751305208
467722484
479475578
969465762
623063910
389074557
894442667
632924192
810564284
139232449
533006018
81234135
119972796
577125369
97429783
516324150
589856483
638795564
479296355
295947371
230640482
12608922
328471373
536291110
468743863
331123534
53194384
27608438
774472168
928685271
647695307
908174031
21004380
984764944
8120806
803801132
255430230
51192346
914243099
307316305
808134926
601173611
232816808
877962282
870915182
915695872
119003664
370906447
891598438
309150126
119301384
425740457
389738988
730306198
870582533
665641774
811633044
673118647
204862304
581811400
464580551
700691358
86955298
957437779
514295459
200053048
385141106
792937413
430020463
35840712
434092184
798645609
252645817
398098419
8984493
505931588
629402126
753915105
909569944
580015190
900438270
562481257
60496841
24348038
842519043
448465102
934045842
427956480
818111783
570334643
203254526
123703929
712847308
850764026
580538977
363997809
613998035
735615504
638093702
474309835
242254612
531385163
360302288
26034653
816416772
357261385
5387761
259074728
98316544
358629493
839375174
903347233
135342648
880531880
812672718
958991278
379704378
381092075
887470790
902898860
268440346
3370843
112237026
704821037
524379196
295005989
915428137
323843519
724803262
550521009
468514669
303618663
408362628
787268572
673507942
173951149
298487777
351717725
494573931
76475601
875502046
398320201
141270988
383251483
386979627
987871153
927163598
581194320
860168608
422778985
284750148
612361280
763637870
312210148
970934470
684694397
571457766
327254843
364421926
760759782
627757388
856228347
356074977
988911068
861986961
335629031
95979684
674162639
979409464
823756018
554284920
609096314
52630000
861994997
396395079
243288478
435754674
363358759
864907819
351201056
403148608
343734357
641064818
977034239
315719744
634441886
942605867
780668073
237289726
182854021
902915586
356171132
761429519
28707481
725819747
454115598
270858493
346261570
902901361
937407906
634925486
943922791
566875110
989796003
735495498
362600460
312398359
874366403
758712085
451939181
936889648
864022569
138220512
85020161
751604412
635130546
617527181
748417614
769910716
14403840
48604246
13655420
356040722
265361549
671944433
953025959
277046437
520680027
419293861
310397906
452686727
174314874
148374178
667615545
186091998
339966374
385208571
953268675
832477801
270237196
45863316
428652721
41132077
8991933
62472126
771475151
936847580
727023689
631998487
617249748
559203169
110428619
466390053
563179736
325843648
424957263
505460022
252395284
354169280
43167629
479084529
562625300
238051651
365956790
630973541
749174711
553508657
762170619
950304781
3891700
797766575
266154479
88059790
452133539
878708459
94948391
175884524
440505983
372281844
737587721
540289272
56053836
819828022
786999228
153797462
312398101
779701823
941133098
139980943
878834966
551796118
845798495
277883290
144936030
419291678
76666259
213994725
730059654
114656418
111072202
539168710
673819598
69321389
779576509
420570880
812790152
903079680
77649442
208395303
576750814
302034790
194508139
166656644
613143168
169925489
555899083
332599621
785034864
538567921
677652986
311017648
626067526
995511925
249153565
696311763
225319887
453033756
852958750
468482085
267183272
237960349
454886566
313084784
208445063
375240206
444626711
64657346
24112743
397998711
541776184
74985041
621096252
15179457
808500664
533146641
922179277
124896424
663315038
851167680
18451874
373923097
597689592
500628557
332217534
807295670
327016228
715442143
121273997
143997042
54342198
837973339
919468536
110991006
219165196
348846122
910668027
476131772
443423410
855271808
968457912
548909735
67676109
206927479
378003804
680827398
618555643
438624189
17317677
951564365
269959320
804030025
176866814
483094034
168422270
221629834
960882330
974075285
654124232
813952760
433952090
273834224
182624178
137264470
787481046
130810076
127554460
43064198
4743608
493357597
890163245
585107208
171929772
277876107
661083540
409889809
70635379
364364991
34238186
338652484
558594583
884042070
465202356
784744207
94464313
305255141
409964932
272286885
236602502
615178105
501594302
633932435
432979528
632606921
373476728
307107073
657605657
85683707
164395400
547906226
901792271
175880295
976655018
291521249
81351916
110304498
102782194
611490713
257257733
743140944
616635171
707116968
968892335
408707890
601430387
192050147
430655962
469186819
904593301
680935443
809681149
331151680
267003462
95830026
59020936
799446518
651347359
137017820
465682220
136527344
680794092
868891906
128039738
505665435
911417276
921620939
944595760
741733456
331371278
65380690
95764545
576610582
874812598
10182126
76734790
134623151
890055616
507072803
909082745
628929804
347040598
118803560
196964883
544071896
860414980
298947718
558783534
407044852
506806290
510857300
244767084
75820407
319922083
13017994
257172767
61685488
636936706
359587037
599043613
706197599
295537842
185306101
180704724
364137438
288993010
282190129
913269765
484173018
947343918
22118199
23854052
855959584
668058497
226765205
765833490
498925831
833711498
64098230
554347409
31477830
507952436
392561236
335463407
415755889
806309808
396792699
980095356
110152206
730973060
699675446
250530998
893969752
330107581
93866200
717205958
493279631
152971328
811435752
961189667
890524154
70011455
362914730
713318997
88829563
743062471
360103494
522955476
654393805
169016693
166081688
36213519
208685916
853248329
360040339
558706568
650042048
133664658
200499282
582401564
186712792
76112649
218107325
782176096
198071935
511743700
894397991
907768558
649909917
176698779
170415905
187996590
7447683
2153118
868868663
162360108
16950064
51548272
356142890
637199285
789343756
794209261
498617128
976863662
545286887
254099475
39521613
676606218
273693801
361087943
88354637
396878128
547960022
735910454
438569769
616366382
403964764
957257357
124738317
651577341
493523107
690447817
151580223
622915604
61692323
786481258
466337158
557765384
502441333
552513549
876437638
925290385
310230335
606364777
591898116
536892213
970111212
908308059
913590451
509370976
385140348
486761654
431750491
669086377
850561308
106369993
716272897
346737299
85333698
965735501
522536480
333414070
495837257
277248038
367451493
572341884
963507650
721962239
258004034
876508283
449779039
208352053
876742012
140150942
563860624
998402159
667653577
991968716
514441586
4728207
90900722
264868947
258245256
107017700
883915217
61137630
905013812
936838815
410183875
628841260
588077109
786922356
712844929
280463170
939959110
37498304
764133406
601768982
302375519
470216379
239038622
488564972
104702058
611466698
302048429
262219699
177371118
382467963
417572502
526706071
432593697
367664508
386188854
462508747
46469593
848531128
725124852
285688902
157404841
493559014
748586188
300110343
935778957
553211982
117741849
283872296
13363494
895669583
260113574
829823239
271128846
524157629
531101978
230295685
858790007
66411021
653389392
40343211
884631912
600669803
763125771
581277559
864373483
813654542
838449732
942080291
305755607
23777901
493085859
443039952
531034407
321356717
740184806
836846431
22793230
470558503
795061277
298042985
300684721
337777603
966630826
82434585
815665907
399832164
24348263
935075491
693169003
20172017
911246310
26581861
945256311
192078337
139035032
398351210
575346466
613569398
488072883
306742752
171525575
334931548
377322803
807729355
199253751
113826315
339313830
419741890
791035966
399744254
581724715
742055942
429736275
316439441
654093075
515574789
925106166
912285834
730820996
221201797
694285372
346572491
70404767
239220532
198993275
700773844
481650683
184504853
932110599
100364131
229854024
578671182
361883931
893026725
34544058
165754057
909979382
492175100
842826111
568449103
236560540
535689619
579472428
9905520
39346163
392786446
243912040
396258782
521094975
611842964
398727826
114997663
151344854
528181389
937944002
107289489
293916024
165326564
538122610
521444199
553589693
188935057
301146168
532066625
110497453
674039492
765375665
43240302
378414243
1818136
681007328
59053912
310314936
512416165
692840562
928851319
958617218
787398916
975323278
729575888
239917099
619622220
41382347
896785315
254660615
332553997
156992015
573467684
840058509
980424992
579575090
465379827
625277387
210729026
277245541
772578329
395540907
182328154
727106017
976828937
873648022
151716922
88152400
10274986
390946197
748111750
884187662
460126703
334796924
300298286
465209500
760481961
480519132
841164787
136293338
135336253
379867166
755813028
565589693
351105260
903601359
394028643
633669396
515327939
390513343
211157957
425258629
913800606
896505458
704639850
416936053
686280241
269134136
736266149
382173439
56633571
747800042
37289148
598162172
618085258
276552860
360242384
97592807
194952929
558802948
233747777
925950629
844662364
947790923
165610728
961992654
238517835
179570005
333004070
529095022
668249692
351160687
322632111
323724809
93133218
720494180
492247436
64951039
754356741
695080627
483620328
27616987
226540772
430262392
256706856
234373235
893993594
521105525
756527624
992665651
306908500
982729544
314437899
336549744
259561745
207351578
637792837
590363366
786128064
356778296
56652683
822816271
480575697
959541711
623694125
492218267
548407801
570336894
652441221
217815110
968031570
173144465
142351995
98798138
389967793
366129123
898633765
32460289
217928723
461504878
177254790
200780581
802238065
335298679
497106023
74970181
978210108
32128932
173578648
766300331
37119131
225689517
501084950
899404553
361038557
455335532
925808871
490898754
485821824
346866774
455250795
454885811
509383546
153533434
848067521
249131904
390612006
491974055
371993017
336282122
723071690
565227819
243148657
692838781
668660417
899764661
811131525
753255900
92572953
806483232
342241771
659096051
716052622
603698307
919976238
363837686
542767595
113291850
419257514
533370051
782520392
853196229
273047457
797796251
184872433
321434022
697826160
52722479
406892535
85867012
625306442
282505630
412972885
367621690
230524821
673911477
334606418
402015997
351569953
491922653
698205011
749525881
421365669
363172276
765351390
518402535
582358517
176560261
581748056
382644548
125382511
56260159
695395950
530804996
72653814
181670084
879296250
969311432
31303914
323479797
82858437
641879328
505714529
709243838
174692153
807061236
310784617
964076247
681296308
935136035
861731870
575021201
966044006
428387018
43412402
772941386
251189547
151205576
144525308
630486114
460160460
35536059
153768128
781863146
259045798
837020204
728004633
706621334
759209187
687380982
256992645
595991578
826674622
110757231
961690422
800623993
930456454
232621629
278697947
952374899
610394560
124313554
182446487
712762506
436322156
321823763
604170675
329393248
507415118
940938961
638895902
56376275
559082882
473057009
992013529
833825380
149353457
866336946
902031089
829372499
133158578
985565096
39567776
168832335
446797497
106266380
316192450
529234586
361949311
192651740
232617036
790232313
252667415
169661216
866947181
145469381
618721231
666331720
591909695
411694879
240846207
982970802
97660970
210802497
579636849
463290183
602634966
963601135
958026220
837854021
449681354
489841931
36296287
926587671
606440614
285784871
970489440
266774007
353677053
238522902
84780736
719078653
480469247
299471819
791107964
830946790
476806745
363686152
802709230
562177810
785104016
71428306
26682482
748802061
148172110
948001269
718906621
537267582
987654528
171710260
600326228
392194863
856942292
263559398
364011832
368247159
765341172
869002656
375596050
280142849
310203366
304952375
482022224
103016391
199063288
85618566
287225008
452657227
458413886
628445845
424832651
1822244
896867240
749471698
725953177
783997000
504498021
760198225
565020101
147857172
850435710
868346859
793941856
702906880
415790801
167661718
486188572
110152053
913319652
298871474
242320276
202423138
604299136
6750619
591973336
197517199
584669025
663163146
992271826
679101520
272966395
405411568
663547186
178909313
379568720
631447525
251843562
632755193
259338781
811551250
96888801
326771238
259402209
158614076
623593849
418881382
542983291
229737057
96425985
398295479
120520122
42352544
456375103
116824983
648445057
886337747
863649188
276225002
835272818
173012195
738183996
652573454
340832617
32536437
844123115
681421526
553983384
108811584
110238659
343912838
948561764
230287833
762056560
123678971
753958109
547538090
818915140
194893288
646898392
729806081
58246368
677859642
275587499
528564091
168160669
645897605
694391619
941188306
566158104
700935271
406898086
837716140
996104916
53089219
408628869
943808265
619414778
217326511
28167958
934976231
338399930
39934406
88490113
76109232
177354343
328588700
620451792
553726275
395634111
356488923
849473794
675076253
539848777
377005823
889269055
312909092
217614807
949945514
80427045
626680464
888717611
193293376
60182902
841697462
165654131
391260313
587959411
97180539
920575123
864335717
683091441
895261715
787165779
639220702
288519833
499711433
252577612
542732591
965813845
257197541
810500734
229930633
213939200
138023174
673893128
749189715
303506349
749145256
214165124
180205694
299283857
927277254
22595837
984501750
22212494
46260633
166641293
176208180
311634780
740395390
696277656
528939504
214963542
433633013
35391135
231693300
458829279
314478277
362480321
285298444
520060783
837211093
255493658
686672702
612693911
49967388
236445510
207392395
232371829
177380690
10545289
356699789
197582660
511746791
969906272
332302811
289329402
691391525
729401360
171405436
196514186
908742341
410250439
445698358
826863872
554133200
811414955
321755012
415715501
162748659
298651705
698998409
119085598
790700687
218454235
749677873
98341793
249500838
768933
944600620
174228259
626636112
639180739
723025904
507709264
492600850
871601280
814170774
78738770
212191436
266710784
745440999
288813763
698932315
737669202
21772828
21373517
337149262
118760726
798249454
877393257
397507095
740018880
11220660
801533910
923277588
489192593
119357562
173929262
380943150
715034866
802133091
667955500
508884829
104723235
781001715
775801519
277499556
596602413
967402174
487734212
445160115
853769960
349456830
99325963
204192315
897993330
59352926
974220504
780345903
84023835
604792226
473406687
102816508
904462248
740355497
900910294
424666180
497592657
789086720
993007406
676673540
971943673
712523433
930976064
551742485
704276321
79976061
256695752
471179141
858313646
818288851
929315284
700613290
224861067
541357278
996340405
87534386
825219945
940493254
611149071
373284553
154965222
506184293
746511120
413006433
341689164
154279067
100693437
252566049
725956144
774081614
511287144
587254764
972256315
490741249
654406462
211664012
829818885
996068624
293597181
769985915
376289565
31294341
648531394
466952526
529505573
875433882
268345088
853880511
917159194
313384652
775474829
280574549
91177650
692694169
28716246
740018
778637790
597790934
291481651
703361400
534515311
358976431
177970261
490149081
657355733
712753467
450452700
740041659
325791930
310532357
848239748
805308524
169046383
603800193
654600839
254414386
46663956
550807905
87544842
985874518
288447999
2380076
557711091
139517224
398077647
659097875
374630415
704835524
507831250
898519868
613969151
4756658
81291767
512430394
773402816
42928811
546211690
959496606
767693013
111552891
56203431
906636051
882096163
171355668
614422537
260677716
139242528
787574298
490184202
58082048
193208690
991373528
236341358
801555036
203502217
353300974
994735457
21212707
848412123
872927594
44232605
668544250
321099098
138826146
276621732
156682504
138040470
471475881
801419428
909141918
121648704
859373878
862274176
956105608
476029232
942130065
196655985
671039921
332848893
361081143
67406817
769908278
385163943
31702163
628597759
300531137
275168539
556401757
855352085
26714475
677570701
66678265
247371595
336013726
182890747
488938400
57211765
454675349
1082562
252060310
204193677
610826300
191516105
725588153
356540011
299166779
596038058
631794163
344880688
844866883
342061558
216085193
169772086
339676413
336927059
744322836
616247790
402844599
88086011
422773380
271493724
769892311
121853826
824305796
894271458
282583991
785460030
922397418
46496452
455917682
352478794
36048585
352471027
636135246
899425704
367691507
678178056
173976006
582943870
109734926
356214092
328633394
153013889
108930129
416156148
422749973
582827119
797125852
578417002
578848515
669057206
464838834
963960774
378275117
395267634
992554836
218090075
240391307
959499540
393992814
691335076
950367198
525299312
83656962
739716861
690774154
929258959
367430172
212655050
856801096
82938704
919170359
634861675
305797760
97711486
798246611
126077001
123398796
515514370
303955625
978312427
603005075
638653836
603628878
45396506
731731484
636396421
655075489
475171755
256575175
668275961
447003513
587098807
107037146
907199555
531270121
927052281
752648485
437186447
623435910
413231575
921195177
456857362
835450284
548076770
102445550
995982937
625945448
246272632
532162820
645292223
63750661
245600137
184722196
899615481
983183670
541437814
221223073
393259467
132591069
462982933
909970785
978440157
462499446
759165393
375812530
16935080
390991907
196500719
219453883
939009163
950370388
378915051
410741792
32043514
580139282
126345473
592677473
706904534
623978985
160015559
11783888
163549399
149501296
56949751
185093165
309739045
998409078
251422795
99825887
881352454
615779275
743408513
103261649
177417650
708555176
484742526
558296807
676840771
927941564
236314767
786612508
33812680
812619475
856271930
988627321
924054309
902057875
963917876
98043908
898355257
238151738
871274019
829526278
52189044
111127234
965458139
86629013
848671554
914374589
91669754
312271584
129674157
563705468
639354051
41043809
360105559
815008680
944337245
635245113
395491914
9180242
735960409
332806909
863820285
964004330
482778486
19930834
915662480
788856326
750302925
938698804
385011149
384115663
937060080
83086805
858946410
242316687
920644846
301780615
533514815
396294524
51126558
241600186
354601513
249706204
772760926
862847635
435679513
173172921
924201849
704508325
948203337
298865441
817052066
175737422
688711306
702871831
450957085
513859760
266916538
621966618
439899389
535763787
691182929
745511176
467601716
210336794
547327053
882505398
385326580
602370814
500830085
340047448
518119168
102736123
258378316
15518806
511282896
763278388
60790919
113503889
592525213
239232803
491275250
771717095
895682492
3160810
962052365
457240020
471732626
13131974
96249507
297370165
176222515
196982948
918711800
271740200
638990030
328470926
460514576
408987016
135059134
651286676
572327605
875892210
817349395
807859948
199753769
266466977
577506775
187044868
239347081
763713187
708012352
106005039
152286427
725803531
366304674
504443968
25856331
177031674
567351958
138147674
839090434
424831820
821842428
437136502
741137760
919369034
581829574
60352864
711538391
364883331
204621404
866622567
677593780
503362479
822484697
995954865
933201630
827807222
134985403
299372670
132786911
213296703
487874442
671116035
972228016
906288026
591004903
605280080
782503882
915004619
311066001
950926357
257531731
595155829
301138256
942027921
12831589
370299184
333244451
11098506
796351020
795112062
116167552
507060686
413471371
39750791
176903077
897329441
74018394
717784700
441946792
658372473
964664002
276031124
896188648
951479689
521270009
780953760
786294949
751464427
757133901
900443308
2843880
13457776
838446326
630926891
897162983
383557376
779097380
104090531
182230897
405358437
757375227
491202269
129838055
121285185
567947952
490271389
183599365
337345574
203513386
41245218
961541418
208504124
184016025
916459616
437760060
853300950
799649310
15479578
941665980
716153848
520639726
509193238
205637907
993441357
417136916
602854776
164142679
98471530
27674164
530307031
12847166
986511918
964596030
667007601
597042789
349163332
432810449
200357503
866565693
276221381
298984746
831560612
576064402
31884539
902706375
258636670
501406649
505505345
377268380
946248799
750718294
316584966
968097521
638065942
754549447
400333040
974872022
412932582
950449457
561841436
798670916
363008664
693671973
135940996
874128594
209684908
862164974
688989562
844885675
574985849
931568209
79382148
730181914
252380549
726964119
677275276
833457178
378866241
836904747
206928637
44364946
349516079
230955449
241284237
262051389
124888370
918332658
27042146
122975208
273454532
950284486
454455821
638774864
789170470
750359723
807714315
932528505
804783026
292781965
853720168
695024045
624802892
398050898
559524990
674893844
190801399
711237384
264867548
380119277
244285571
838893742
568783426
862227556
445226396
533493448
745113886
165189535
99582608
780830493
773488949
469301333
66926061
883887884
752229794
399672337
269493406
100963372
5788336
210775162
199491843
700448267
156780892
682321496
964084546
999272021
731215208
498697450
580029012
614151992
206616322
836748986
20956196
821330757
780834124
573632369
701544188
147982388
681181245
834636136
423547655
870835016
1330779
983962004
921155537
991865098
350344139
156840639
33537
778102633
674886820
654834474
805954094
729668984
439168027
934000095
117805713
842224964
129181944
335054390
949683461
210799528
76854684
98169068
656739629
380685449
330243349
578482409
977957134
151455298
141367696
277418672
381475496
610179021
339453040
219161102
673478363
124125279
871367246
155959691
739947767
238983982
397573777
771264763
76733663
246558546
388908711
595024180
385707465
831405789
143156441
659655667
70209429
765755617
418295893
127426581
463458816
36774865
27168484
979045024
196442368
865302015
775307467
205304512
312705461
400662596
360364712
457080404
233111310
353191166
181070308
233575542
990878860
443651751
861789764
414352041
638954783
836862483
307158687
68435102
700299308
654608966
908193962
64501923
733384368
871435759
980809711
366186153
972113022
314285189
430970332
376532464
1529252
892342013
518275320
582377297
951344108
646221349
39323687
859652222
789745627
537019299
571644542
998235021
129217547
386820260
880518263
140467519
755049303
638685137
435515589
748268744
753983645
928638875
636772862
909126108
995720678
597562693
10265175
533576498
680671827
770309115
851882958
478929063
135859884
579879178
600032082
234350346
780767507
498166554
618094934
475145004
880099418
500926010
282532614
652808232
984207062
607566454
130259995
366533103
644393442
475658773
899776256
814922424
628264647
272597667
136071717
772827351
121667738
409746226
569223668
518931097
307197357
816995033
355967070
518821406
608767920
436405805
172144655
435644530
625689639
286273674
844124099
631980590
886280297
609356154
487337584
540332142
231961431
816007505
788305472
518159230
555901979
966275725
752331250
972577543
425586488
815128545
51617373
927213155
807885461
562274399
883298903
488919518
14221963
704083149
206785461
874434948
144511152
201145589
337025570
46563672
290886798
476555212
763490034
878250175
768636927
987466169
635061295
881618067
597981693
451414269
789112761
260225687
978519956
218863805
828731015
104320148
116613112
694244525
978399755
356761364
831415731
467642804
465565114
956642038
556949781
789169468
809112337
133343608
824635651
286291711
208296702
176300951
749866691
143757390
66120984
57586884
78390466
490457398
38608873
396505086
939333974
847955200
133291040
932672503
484976770
59937868
850363298
579603904
201650255
786122438
527509431
351663123
376612181
867181192
840564837
69456189
947553625
523245836
345683162
705778598
242369552
181219788
178127106
317688574
777417218
414747768
592436793
495013382
682196874
760638675
689771290
841874168
901356538
761193003
885752950
618181780
488104667
328417907
711903073
385913801
105577809
639901950
11942908
850965405
282454746
242385370
757110775
471443645
615076551
124978510
46951793
786328110
626932254
528779574
55439825
147190675
444660518
483403755
909588224
574889877
171739040
228816199
500501739
620405977
115025802
746222966
318894878
91744698
964573436
865865015
730552593
870779011
651590281
827588337
759356742
135120986
529565177
250407261
112268354
717996465
567334094
841503808
585520424
497625557
289853809
563174742
841295347
137166244
457505534
485412175
708766043
435553705
866767586
553635349
763020747
528568889
125318241
118590256
802364301
982969379
635872466
40462127
869218741
146401374
324270825
545666038
527029725
963386191
265777479
339557296
583911723
505799646
375302060
611276005
992723946
246637942
62673308
515247883
788434261
980476019
573621447
768081520
707611260
790136535
152137804
380846341
901511249
513890377
874475579
904216598
366555159
969287010
490388044
674057911
718827659
36708002
894463712
334766421
592731660
214987731
437838347
716648743
874257093
450837006
928513999
285916256
278112832
759525522
562535078
113321184
590230702
512377235
343028980
670957056
504669121
553241344
644410759
313527194
65770913
20836784
353672983
515975317
183518490
98194661
139244209
515344140
946084725
921413918
887409622
17093915
926353601
26488266
55735877
208810890
324426227
963134502
44963168
106663233
587583702
135314597
568186642
738649585
816762450
725495866
240252892
263494786
61520765
430465659
293251188
317523093
853682238
71433860
641224572
253463830
626497796
75293749
794856934
814741249
41291239
419286294
580361496
673704601
881735498
132165292
112140429
220458350
200300159
394187129
811625415
368284071
55267628
269349737
246773979
582478548
476817555
892311789
697020037
188135311
881652972
465356727
249218902
480052174
439894766
822635792
245365768
31049161
647829868
68191193
463675122
228792194
943572252
896956956
94243478
854073078
918434932
925444174
713239896
464508638
986108846
27015715
702657610
137790498
583799018
225789198
312466210
938963931
531759217
29956692
551349581
339434499
292782871
334894284
321698844
660863164
759871029
235945501
961297977
904358121
890791813
592987981
683557278
576329448
87781832
970493070
587693099
918503211
700324427
255232549
397764146
479053873
388772405
326065684
780909394
175528934
117175247
399485131
295260234
265153293
131957538
637653767
861408173
802074746
262413903
538461055
731876952
71576285
625071133
505097955
564753493
961585232
616640654
162283058
945654674
25792922
628124459
254665143
984971120
310789084
737948054
712185979
859341743
400581097
397479055
617678949
921414657
211645153
325840688
297459133
389624524
499859984
872637826
202139070
373519976
882287021
82878047
173475408
251827855
403169815
572785186
742025048
116138564
569711055
856693228
208559035
328580616
884646603
894358546
117424703
478965240
159181207
136131476
147618942
874472151
909954197
567959864
937429238
424660404
836988261
622897218
249620030
676262456
110523999
720103633
454178643
938716046
185516093
401102297
699739409
739160047
301981142
292517048
960513725
479736009
247711237
686625399
182047679
439192488
856216224
285924461
996074767
33300932
73073154
906175397
620942790
869089110
160736173
835697592
323309540
344663016
73270982
462457632
864690594
39796226
320061979
910016259
785627761
779768665
726431337
847610994
741275492
42451430
900427098
466043224
607840655
615467771
987491509
600373611
177143064
3642895
272810640
917879976
707304586
905354879
516058439
593623046
808362196
301387946
775473443
543335123
977328646
948602152
803051688
378304061
208842663
251520794
407310204
601135853
76721333
490883484
460653039
879477966
273100375
23179563
378203884
329248647
355204916
533144057
127770999
149842704
911391531
537033261
177279974
436984547
784737849
578754736
866281272
780655046
618800752
874245101
541876776
86198931
582509141
552339795
401499563
117369942
280566208
624395759
590363256
600352719
146386765
251103124
277466993
752108517
976053427
266587181
16894412
687937840
597397018
765149635
671415073
576848790
625374069
617032405
762303808
629022084
642222331
805488270
524155123
575326859
369928044
883100425
860823200
487252939
482931782
562470734
63574095
722971812
61475830
373572184
953000627
383403808
427160926
807954278
308233064
153575850
655494818
485549051
287781323
729413596
755616400
924234239
740932982
852142710
255631017
475434499
883248726
475871850
430225872
931100578
918618731
457239827
67541902
275940355
40642844
323148678
959114874
927442997
76265217
82211934
300004686
414896766
778724481
103448616
34823317
201408505
579938160
286273263
647769916
470697399
853662909
506993187
345624919
717481856
556291874
349333861
40190492
205124006
646845660
761871797
718698922
447554695
159064098
153615844
584463453
984202120
745183117
927900287
605595974
315568714
88139683
501024148
946614212
55789369
49223938
782741653
546556090
435447617
142127910
583069270
168015218
631755937
420868567
792770353
890914318
74134231
897658162
400018249
339250086
522692539
28492369
690917099
409747459
565749160
628371098
584737015
164479701
624318881
808911871
90723671
957431745
817840571
1366031
577708951
467391693
788954912
768706698
76213475
723086779
60866222
439048848
667790164
103443858
8485069
990457536
588884941
7437204
514870024
668112686
211859045
100264808
633130699
559399740
486795370
877189612
767249278
529307248
965283056
650045855
181444156
801549996
249091223
55410595
681014540
611855552
240220598
717908888
150067742
652488730
723076388
399441061
533929880
669794210
280479899
548808011
494295934
765537256
839103573
2222723
608333131
824844624
942385670
109473543
554275547
605107334
104868911
250932740
916789191
731505231
616785966
630896947
268788535
345242264
962979321
886536420
926422889
863123624
528092115
553820326
554829169
264809916
355285055
149844346
224187222
691845239
845897453
821097379
5108286
305527095
150027975
657942773
798798538
500098021
114144834
681850530
440287907
670590480
893749712
152127951
484875244
816538226
631031715
322610476
838500823
875669787
982355856
706310708
160079443
589708349
598963982
125463043
444788451
537937299
641299805
392563151
766680202
787698286
874451907
34745604
873149155
4898397
661102577
143300352
557813880
33158277
50073704
918978370
200266569
162017193
646324937
479957336
274028504
245428226
51494482
294228673
580768468
886809823
517474005
415823428
498687604
95642098
128838363
778172313
765422364
131183968
651930816
262150800
346459381
691520753
478815474
881719122
894839347
228875783
986657386
849053249
983416973
888735793
503059103
642453033
205407956
768591030
230537924
137894044
13921489
776952731
530276764
327094798
489098768
445348779
154261549
105378465
879348040
347227287
455595576
662863458
753741111
804870227
20331769
160075560
10715557
918813323
943157549
268673854
145454242
985958032
865154574
304483600
844521808
658255577
294310688
983272590
77038379
457662924
755105090
342448038
527008354
522339496
717540544
891037941
403019918
584428539
119295988
970076928
837717575
342635421
277469288
887075699
190282036
58543370
159221479
790855410
177936986
615703926
637079914
259292167
973847010
122973005
755655043
301431132
162909691
161449587
246701361
828610167
877177050
889485045
477525866
355272254
670075550
151096258
542343410
528453217
644454761
298023206
255464018
564252516
376652709
319647457
34506471
398678347
876022888
240396260
383107350
781132001
642309106
505345959
972210077
170114980
700047657
633271813
585416272
252013098
168526725
370309683
476729350
278645128
562101806
736822046
270384153
730880242
408600263
952724598
277375621
817056417
580873301
918629037
358060852
758285778
197148120
592357792
378294317
46159820
96809415
957323355
942880869
497595454
262099997
670931460
472237177
901021210
851260330
324799121
716208346
279929269
603142574
700366958
618447583
74004615
477316711
740931336
485550070
178666623
236310259
567288634
618653005
495757078
871401006
822181711
464087755
978925159
776585342
111889500
427846616
68387609
699444726
553802308
857601619
905915428
766567832
910367504
258534662
610305374
949531158
99134340
31356731
402489506
225978545
919689565
897832808
141003843
603370282
139543813
989603890
65300568
416790980
662123902
300706194
205613686
672590700
922255940
108604372
799125885
80158335
659730431
808420940
521850153
155666392
318536815
212886965
788030658
645450254
94491999
272582554
28484248
523893320
999474709
269583734
122522108
28134277
761916970
551591943
741799344
732651469
28066626
60617814
63267092
681974573
595051286
693881328
177037372
668613319
737337372
165280591
390812077
392185091
409360472
62871989
192321764
108309937
688771838
370266468
806098037
150987683
128761348
540689194
403575906
400826173
191247631
700747938
524572296
301249977
763273353
700189266
649380195
54734994
163721213
437475998
476928149
125452417
852654549
725377752
504746865
183168025
361047354
890150826
429997604
11207655
345597038
596765544
566989471
723674647
973877961
363163007
997330459
727640654
586188555
863759693
797057809
213603050
957756036
122693928
749508797
212948296
903037079
141813834
898896048
110049107
568773651
153442564
350018573
167889993
712959497
429410301
319437433
903566008
868023730
402404920
936763545
261310320
224946155
358395812
447958726
607107185
910829758
180183828
984458008
96116679
805017978
823919665
921426401
298936558
704791679
100429430
629777283
90905250
106507177
538154581
671777259
416646098
94272855
511622263
783544750
208224178
477841943
27205921
517448382
713570032
394108655
480501170
398191304
669382142
743284298
345268808
878570286
204634766
778482558
285051779
963654812
716350198
541923937
745265225
538635684
406414593
600666697
581782732
876137589
908988726
342558499
842273944
287691393
32666532
972310038
843296644
423548367
859049383
586604382
838284565
21768018
790938295
862133137
595051031
479193201
698910889
507818266
619012198
866994670
824060300
63017207
488932039
426341494
628893291
925184801
48300953
233711801
374504981
703451327
699592239
578165563
115197815
259840887
420086678
369441524
12062565
313002933
615044012
209333230
611300941
872694699
479973055
945757971
228830570
816990352
69079847
2129058
591229474
712985500
598802607
499794565
79745722
720374022
381236564
423598026
848169692
888816550
360755918
618268547
157061998
443669293
385312725
500770370
903935622
711018765
913288045
270521404
319677781
852662515
666990908
5223161
829906148
307502895
417545010
348869776
756864504
163149264
248275649
602732908
862198585
781442574
388086338
376685258
847499250
700407538
53302120
499062521
221024406
652155041
605466670
862268093
681419004
567141621
879820963
399770821
946445789
855278323
913247048
161956811
757330072
587915932
70259088
525974018
692184247
163277492
5873535
54935980
227555865
596818590
124182237
709384392
621561794
642980450
99352599
636214076
340318417
117541043
929245730
507686848
272524654
615663134
386341732
843475568
15202804
843148876
461649242
250822158
741641788
747158583
104068693
954677117
13810419
133920599
710265425
640790736
168740531
371888179
975378239
126511459
394349944
713470865
124208727
998458084
991867702
731249208
873931053
342127700
778468117
666967574
673963309
784318075
47670273
198996036
267120021
199571264
571486376
411964076
243121474
379283066
615907582
922753229
374321320
126648269
610231511
221886291
828152427
62161108
747963850
838951250
258544908
717506538
2425649
607834398
133373888
179305365
694954060
975145161
556950621
112610448
793207429
90938426
910066285
116346484
818638
50451686
937989989
464686338
86243622
913784622
301882352
195557391
337214267
736695637
277079652
124485645
929925930
538104348
89178710
243137330
788117858
335659773
517947720
303072582
449827494
540723712
879669889
379428878
31845169
458072892
423387638
987578960
642422259
613346286
309722212
205038586
191198511
519572095
98401813
960772076
843584324
122043992
760448432
56124649
221799275
392748042
79772717
929663552
466534904
500316799
977334058
757713592
576720725
23680656
833001258
361161300
863834719
625562725
839359548
860848452
845625669
27262428
270785192
984888946
677915559
80330221
601343325
795711157
202246211
125133832
569574657
787893595
188859137
721537977
414245061
853422801
26105559
293986289
502346312
650004183
927719114
787683539
282377377
781631588
54542784
805967387
194179964
608187671
519267699
111659051
214216795
541729365
545846402
229354932
910100478
928621571
271870370
468030461
248026337
475393521
875288019
829713363
102510721
996615787
294818062
390766037
942391011
757258427
454396335
575627159
173456879
578530063
47523911
653638935
404601898
895711782
671542752
274827310
613811485
966554416
53688242
370295613
717026335
590012727
55746866
223796154
863457746
438179695
331161938
920659565
494972104
75805743
734213356
346257404
328491074
320213900
869058647
772103697
967577875
232890260
730027548
587896618
236319395
344514084
925917891
68250365
472343567
403550311
429405638
992079237
315264878
982367655
632613037
546340655
753593697
197405
2232984
638820254
292123377
609196906
672461963
372970117
554746424
228534728
758001391
196839425
134535464
102252808
842012889
200967198
944834819
566496288
909188408
273536311
867830143
918210766
365021869
147607914
687584035
655199537
940989671
314010679
670406102
427495333
341290492
641607484
326153439
555026862
406780996
412159093
813585648
29522679
505009970
709352673
484696530
21638496
493490667
768667082
119806432
227663273
279235155
577278475
615912396
279154958
547916285
482171978
734071633
985058804
49037484
106857449
33933074
686751109
763538508
399009061
810167245
824564255
418141928
803381932
103257506
782913001
52971675
450227154
530691941
417432004
565903060
668891046
143648342
971342598
188323867
41642795
658128745
557347481
85623032
580651783
862881951
585691172
961088339
716034665
837212000
496774894
761043108
798041078
297199358
118536737
789225214
682573525
898673343
236624680
269399394
475480475
744237270
47902451
371052756
925735474
562905269
741265080
69603640
93439543
931961489
245311421
657139854
549779307
881509684
335199761
754250119
640357754
71231380
860333626
551898016
316995685
157455112
115831100
673508400
41208346
825669245
988904474
202182912
486423545
132155229
5199559
488817938
238762293
81327680
49311824
743191940
909898691
282251535
793200401
929023932
86470429
112203403
351991980
119011705
436459142
917898350
347381526
694213492
542399851
743470880
956233419
972423858
723299301
769702162
572627489
261649001
992013660
350177211
27598778
534992197
704093229
335965941
987556363
878607187
250407483
135943471
933093388
61189578
71147934
297701597
163998040
376296190
817622217
73535458
494312973
488065666
610059405
506694921
596821749
737788136
437522648
259503858
340912246
360834006
94612062
209895229
591288909
236785486
904697182
910491690
259253535
920063552
223422929
350085242
120450494
481529402
737029164
496997238
286562811
683651131
256250066
556937993
197903651
132766373
88601626
840836616
835554839
577134160
882123000
585206028
65845435
406070858
435972755
958173915
233482077
454095041
596473954
798043653
279071770
377412491
762872647
638575313
495874264
910861222
309744086
601296914
265497328
837011302
847512888
718740205
448477521
447070126
610723007
972126181
634177118
654915805
345784482
787563268
10109673
139708459
606440633
997643528
228445309
814883115
716785877
70962107
766153288
984366448
972562105
861718691
17442380
127219641
639268681
446761792
590241972
991158254
894626182
384975343
936449343
460551443
413895607
694957580
502246989
166604032
511632131
346910345
484480580
101352896
340021537
23893494
560833873
848047844
758365470
513476855
764600819
890314149
519384329
643588157
644519526
389657342
909826898
843681161
77478189
424358971
452447942
438022747
447161434
253340572
182463590
61251874
885018271
853251769
662288010
295645762
707546000
190160775
483647277
270998061
716608536
830005287
9155617
486266613
101110482
553878487
