33537
44013
132695
197405
287040
354473
566071
740018
768933
818638
841114
1043399
1082562
1309722
1330779
1366031
1383989
1529252
1533936
1812437
1818136
1822244
1851084
2128521
2129058
2153118
2222723
2232984
2380076
2425649
2552247
2843880
3071145
3123893
3160810
3284815
3310138
3370843
3481027
3544816
3587366
3642895
3891700
4114587
4396470
4401721
4663093
4728207
4743608
4756658
4898397
4922258
5108286
5199559
5223161
5387761
5404191
5413146
5450491
5551081
5788336
5873535
5880735
5931613
6197807
6249006
6278380
6595245
6690367
6710115
6750619
6784013
6876002
7362537
7407310
7411011
7437204
7447683
7495847
7662880
7767810
8088125
8120806
8189034
8196214
8485069
8582384
8804023
8984493
8991933
9155617
9180242
9237670
9303404
9399470
9642662
9733439
9905520
9924969
10008260
10109673
10182126
10265175
10274986
10342626
10446798
10507269
10545289
10715557
10722630
10846404
11098506
11144239
11207655
11220660
11267774
11320759
11762096
11783888
11785957
11807580
11895228
11942908
11960528
12062565
12314798
12366797
12426488
12608922
12709495
12713755
12791484
12826963
12831589
12847166
12884243
13017994
13131974
13363494
13457776
13591027
13594176
13655420
13810419
13816052
13904027
13921489
14221963
14224723
14241077
14383377
14403840
14460164
14482652
14584984
14681581
15083449
15089392
15151252
15157537
15179457
15202804
15218775
15291679
15402056
15475885
15479578
15518806
15835252
15872737
15993765
16088516
16457579
16478378
16525547
16718195
16731894
16894412
16935080
16936589
16950064
16962886
16989658
17093915
17188764
17217040
17290879
17317677
17442380
17641951
17883272
17943732
18145153
18315107
18372957
18401181
18451874
18504213
18526700
18570244
18696153
19163321
19364557
19565582
19623814
19654218
19930834
20011818
20017065
20172017
20331769
20414154
20505025
20637155
20676266
20797638
20836784
20956196
21004380
21061616
21107231
21212707
21281597
21373517
21543790
21582496
21596453
21638496
21661731
21731648
21768018
21772828
21871545
21930056
22118199
22212494
22219930
22595837
22793230
22884510
23179563
23253622
23314972
23433746
23516304
23565831
23602989
23669960
23680656
23777901
23854052
23855997
23893494
24044530
24056751
24069453
24112743
24227046
24348038
24348263
24571167
24762455
24763386
24819347
24880163
24930312
25113540
25288212
25313595
25425928
25452122
25563351
25713199
25792922
25856331
25896278
26027637
26034653
26105559
26488266
26581861
26609613
26682482
26714475
26876817
27015715
27042146
27071542
27125162
27168484
27205921
27207918
27262428
27418267
27503915
27598778
27608438
27616987
27667394
27674164
27726625
28066626
28134277
28167958
28352566
28423688
28457704
28484248
28492369
28505881
28647838
28707481
28716246
28816654
28859834
28896365
29078070
29121786
29257732
29289644
29468135
29522679
29956692
30162071
30221499
30438403
30579642
30599298
30766720
30879401
30915572
30937177
31038830
31049161
31078506
31294341
31303914
31356731
31382768
31477830
31702163
31813172
31845169
31884539
32043514
32128932
32242354
32272361
32306541
32448740
32460289
32536437
32640681
32666217
32666532
32829165
33096518
33158277
33183467
33227056
33300932
33366542
33453550
33485506
33812680
33933074
34190118
34238186
34352142
34496053
34506471
34544058
34745604
34747985
34823317
34943445
35025329
35035157
35391135
35536059
35566249
35747157
35840712
36048585
36171646
36213519
36284139
36296287
36510502
36708002
36718476
36747394
36774865
37119131
37280423
37289148
37498304
37767177
37783649
37841708
38335278
38401424
38510873
38608873
38754734
38847966
38943865
39104340
39105750
39155612
39224027
39323687
39346163
39371120
39521613
39567776
39568540
39596230
39654173
39683861
39750791
39796226
39847343
39934406
40069650
40190492
40292368
40343211
40462127
40552508
40585536
40642844
40689219
41043809
41111482
41132077
41188710
41208346
41245218
41291239
41382347
41402748
41450036
41534683
41642795
41742389
41956150
41991494
42012536
42135962
42352544
42451430
42461288
42725178
42751200
42928811
42981170
43061361
43064198
43167629
43181165
43240302
43412402
43423782
43477594
43512557
43612379
43634264
43758310
43964437
44090089
44139809
44232605
44276319
44364946
44413044
44479486
44517339
44948810
44963168
45392710
45396506
45812286
45839483
45863316
46035905
46159820
46227222
46260633
46282116
46428286
46469593
46496452
46563672
46609395
46663956
46814297
46951793
47112508
47523911
47670273
47732505
47763074
47902451
48245745
48300953
48344296
48604246
48609953
48618482
48779363
48879919
48975487
49037484
49103409
49223938
49307069
49311824
49357339
49397498
49466731
49502524
49526114
49545295
49640752
49746148
49917124
49967388
50073704
50338115
50451686
50670990
50725334
50801047
50879597
51126558
51192346
51388546
51494482
51548272
51607410
51617373
51754947
51901228
52189044
52349131
52630000
52656083
52703269
52722479
52734272
52766274
52779008
52806899
52971675
53089219
53194384
53302120
53688242
53702787
53969523
54342198
54382306
54542784
54652250
54734994
54921740
54935980
55027299
55057983
55077191
55118919
55186973
55209201
55210374
55267628
55402533
55410595
55439825
55449299
55735877
55746866
55789369
55818952
55943645
55957730
56053836
56108115
56124649
56166383
56198995
56203431
56260159
56376275
56633571
56652683
56662771
56813025
56843837
56851596
56949751
57114307
57124342
57176299
57211765
57340338
57358071
57398435
57425490
57586884
57618357
57663989
57774477
58082048
58097633
58229967
58246368
58320398
58444954
58498705
58543370
58685136
58720957
59020936
59044568
59047543
59053912
59057303
59092095
59352926
59525650
59610085
59817666
59865532
59937868
60182902
60352864
60448027
60496841
60510182
60533730
60534827
60617814
60769140
60790919
60866222
60906518
61123639
61137630
61189578
61251874
61435300
61475830
61520765
61685488
61692323
61708166
61748478
61773802
61833468
61847337
61891515
61946564
62155338
62161108
62197072
62472126
62673308
62871989
62941141
63017207
63106645
63180636
63267092
63574095
63630392
63665422
63699315
63703035
63750661
63771909
63947388
64098230
64180499
64265880
64466551
64501923
64596286
64616176
64657346
64869093
64899850
64951039
64967723
65052475
65300568
65380690
65404229
65433155
65770913
65845435
66005452
66099664
66107977
66120984
66268143
66411021
66430462
66534325
66630651
66672260
66678265
66926061
66977411
66987947
67406817
67541902
67621974
67676109
67745880
67785723
67814589
67826802
68191193
68250365
68387609
68435102
68616495
68797147
68928491
69016695
69079847
69221502
69321389
69456189
69484857
69500145
69603640
69687306
69799967
69811979
69995537
70011455
70209429
70259088
70404767
70464541
70551764
70635379
70961417
70962107
71065144
71147934
71231380
71428306
71433860
71576285
71736968
71741850
72653814
72857143
73039058
73073154
73082793
73128994
73270982
73272875
73535458
73546007
73760728
73838709
73892271
73996177
74004615
74018394
74097895
74099312
74134231
74267556
74289942
74446908
74609611
74743480
74970181
74985041
75126724
75293749
75299127
75409938
75630713
75678918
75805743
75820407
76109232
76112649
76213475
76265217
76300332
76314230
76475601
76666259
76721333
76733663
76734790
76836272
76854684
76893982
77038379
77050002
77478189
77649442
77725233
77750216
77753297
77889424
77949845
78252941
78303855
78390466
78419074
78481358
78738770
78871227
79089965
79254053
79382148
79456209
79491817
79554258
79576540
79745722
79772717
79793171
79976061
80158335
80240630
80330221
80370735
80427045
80536649
80726229
81222216
81234135
81289415
81291767
81316791
81327680
81351916
81711725
81822309
81867342
81907554
81934014
81934576
82009798
82150721
82211934
82348253
82434585
82441234
82645155
82849703
82858437
82859222
82878047
82928976
82938704
82945914
83009325
83086805
83255853
83450564
83656962
83747335
84023835
84036159
84047493
84641160
84775892
84780736
84804183
84968440
85020161
85195014
85270304
85274128
85333698
85391994
85589211
85618566
85623032
85683707
85717486
85867012
86051351
86198931
86243622
86470429
86564788
86566975
86629013
86657015
86682952
86955298
87020752
87176898
87534386
87544842
87752441
87781832
88059790
88086011
88139683
88152400
88159811
88354637
88490113
88601626
88829563
89098761
89178710
89412177
89440323
89453432
89553384
89581435
89648030
89738542
89768008
89852751
89898959
90037384
90131459
90219360
90635068
90723671
90900722
90905250
90938426
90959351
91020409
91107704
91155320
91177650
91224292
91268301
91327137
91519497
91669754
91744698
91748795
91986824
92042149
92059004
92138166
92185263
92225797
92572953
92878359
93024517
93132598
93133218
93160757
93199296
93244685
93280352
93418641
93439543
93612313
93647468
93820576
93866200
94243478
94272855
94464313
94491999
94573005
94612062
94629926
94889185
94948391
95397386
95538141
95606452
95642098
95760390
95764545
95830026
95882177
95979684
96100538
96114648
96116679
96188643
96249507
96425985
96434515
96554533
96602904
96693225
96809415
96888801
97138378
97180539
97429783
97592807
97597611
97660970
97711486
97771303
97817546
97860985
97934516
97980400
98040977
98043908
98169068
98194661
98228384
98288020
98316544
98341793
98370601
98401813
98471530
98699643
98798138
98810256
98973867
99134340
99325963
99337274
99350348
99352599
99461677
99546092
99582608
99825887
99877997
100264808
100281775
100351305
100364131
100429430
100646906
100693437
100769909
100773408
100856982
100954842
100963372
101070810
101110482
101189544
101337019
101352896
101630485
102101004
102187735
102252808
102445550
102510721
102736123
102782194
102816508
102877122
102924617
103003519
103016391
103153126
103248174
103257506
103261649
103443858
103448616
103549582
103661690
103920272
104068693
104090531
104111405
104185574
104320148
104324151
104413695
104551015
104586586
104700384
104702058
104723235
104868911
105091913
105246978
105268033
105378465
105577809
105781021
105855358
105948123
106005039
106088344
106094807
106266380
106349759
106357277
106369993
106396402
106507177
106561657
106663233
106857449
107017700
107037146
107060028
107289489
107497357
107686359
107725463
107737800
107761780
107923174
107930773
107934907
108068061
108309937
108328153
108351816
108366132
108468556
108596202
108604372
108728097
108738179
108772727
108811584
108921149
108930129
109402599
109417394
109473543
109665250
109734926
109838117
109896062
109924742
110017763
110049107
110151786
110152053
110152206
110238659
110304498
110384637
110428619
110497453
110523999
110568680
110695739
110757231
110812839
110991006
111012091
111072202
111127234
111135296
111389977
111552891
111614332
111615561
111659051
111889500
112124030
112140429
112203403
112237026
112245901
112268354
112458370
112610448
112610827
112985734
113291850
113321184
113361462
113425857
113503889
113558850
113615205
113657253
113723656
113826315
114144834
114245203
114316213
114509676
114621270
114656418
114997663
115025802
115197815
115202140
115376975
115415221
115432837
115442175
115737073
115766828
115783204
115831100
116015204
116042798
116138564
116164505
116167552
116190433
116346484
116427004
116490564
116613112
116624770
116696530
116824983
116949691
117023255
117175247
117369942
117424703
117541043
117541659
117560253
117737339
117741849
117782575
117805713
117852644
117858754
117908077
117981259
118205393
118536737
118590256
118680592
118760726
118783743
118803560
119003664
119011705
119085598
119295988
119301384
119357562
119481118
119806432
119884177
119957780
119972796
120002448
120450494
120515274
120520122
120929664
121083738
121123761
121273997
121285185
121369264
121372110
121583156
121648704
121667738
121850045
121853826
122005242
122043992
122110730
122196764
122331412
122366609
122522108
122693928
122756148
122973005
122975208
122996655
123398796
123564251
123678971
123698417
123703929
123709473
123783243
123862141
124056836
124088038
124125279
124182237
124208727
124313554
124344567
124485645
124738317
124795774
124819653
124886713
124888370
124896424
124978510
125133832
125318241
125382511
125452417
125463043
125592084
125601165
125809946
125813003
126051186
126077001
126345473
126511459
126575109
126576008
126648269
126650828
126951557
127219641
127426581
127436060
127514727
127523556
127554460
127596925
127739101
127766409
127770999
127917142
127928903
127963204
128039738
128049328
128218768
128237130
128286145
128307519
128480903
128626292
128761348
128766760
128811339
128838363
128860823
129105463
129181944
129217547
129240535
129674157
129838055
129917453
130112175
130210707
130259995
130459990
130810076
131094825
131183968
131541764
131719792
131957538
132080320
132155229
132165292
132405123
132445213
132460171
132507823
132591069
132766373
132786911
132820488
132823402
132868718
132968912
133014590
133067999
133123744
133158578
133180759
133182730
133183208
133284053
133289339
133291040
133343608
133360542
133373888
133592496
133664658
133731635
133819642
133920599
134122511
134420669
134472226
134535464
134623151
134819310
134985403
135059134
135120986
135314597
135336253
135342648
135694935
135786243
135855358
135859884
135940996
135943471
136009391
136071717
136081045
136131476
136269054
136293338
136495554
136511080
136527344
136543502
136770873
136948919
137017820
137036958
137092868
137166244
137210651
137224904
137264470
137556576
137576199
137700542
137759716
137790498
137867852
137894044
138023174
138040470
138044102
138147674
138161763
138197277
138220512
138224811
138335552
138364725
138482991
138801410
138826146
138911841
139035032
139061572
139149349
139200475
139232449
139242528
139244209
139275816
139296484
139338358
139517224
139543813
139708459
139740627
139980943
140135074
140150942
140377906
140467519
140483481
140588400
140779318
140781331
140939495
141003843
141270988
141318574
141367696
141764465
141813834
141872546
142127910
142256196
142344063
142351995
142522243
142704145
142860537
142924089
142955486
143068730
143075840
143122004
143156441
143276508
143300352
143356964
143434687
143477682
143546117
143577405
143624893
143648342
143757390
143997042
144013408
144026739
144111995
144243901
144511152
144525308
144855587
144901171
144908523
144936030
145058365
145063718
145097844
145320358
145454242
145469381
145552296
145658106
145921090
146181221
146208138
146343417
146350022
146353806
146386765
146401374
146469917
146475650
146579052
146683678
147190675
147286014
147330905
147607914
147618942
147626799
147797543
147857172
147982388
148006705
148082879
148172110
148185770
148374178
148629761
148841372
148990599
149014591
149168717
149194522
149242254
149284310
149347249
149353457
149380504
149501296
149755236
149842704
149844346
149866765
149933024
150027975
150061717
150067742
150867410
150886391
150987683
151096258
151153210
151205576
151344854
151455298
151580223
151597708
151648955
151707653
151716922
151897098
152062060
152086145
152127951
152137804
152286427
152572585
152830667
152964432
152971328
153013889
153382449
153442564
153533434
153575850
153615844
153768128
153797462
153808522
153839963
153973393
154261549
154279067
154314652
154386571
154461759
154551829
154776032
154887700
154965222
155664987
155666392
155762388
155860951
155959691
156174683
156211412
156446381
156472170
156577968
156596584
156682504
156737955
156780892
156840639
156992015
157061998
157068263
157404841
157455112
157708549
157716079
158103998
158296438
158369749
158384337
158466665
158520004
158603862
158614076
158811445
159064098
159181207
159213109
159221479
159241310
159485908
159506426
159512326
159676280
159712361
159784176
159934589
160015317
160015559
160075560
160079443
160640724
160736173
160833303
160957297
161046498
161449587
161451499
161697125
161706057
161763879
161956811
162017193
162283058
162360108
162396909
162709031
162748659
162840756
162855803
162909691
163047845
163149264
163190702
163277492
163376802
163549399
163721213
163998040
164142679
164235876
164395400
164479701
164952155
165023509
165189535
165238848
165280591
165313781
165326564
165584461
165610728
165654131
165709600
165754057
165795936
166046982
166081688
166604032
166641293
166656644
167358217
167416817
167419542
167661718
167768859
167889993
167903793
167959717
168015218
168118374
168160669
168354022
168391946
168422270
168526725
168541185
168740531
168832335
168866896
168993525
169016693
169046383
169325277
169661216
169762200
169772086
169925489
170027579
170114980
170415905
170549656
170585721
170970777
171045015
171105351
171234036
171355668
171405436
171525575
171529568
171575219
171710260
171739040
171806500
171929772
172062618
172144655
172177472
172552756
172623224
172768061
172785699
172911030
173012195
173144465
173172921
173179067
173189477
173220753
173294931
173350360
173419875
173456879
173475408
173553991
173578648
173737712
173890060
173902304
173910355
173915080
173929262
173951149
173976006
173990950
174039255
174188229
174228259
174276864
174314874
174347770
174513259
174535672
174601984
174692153
174745464
174986402
175111803
175519588
175528934
175553888
175737422
175771499
175839635
175852980
175880295
175884524
175961491
176032338
176208180
176222515
176300951
176445578
176560261
176657690
176698779
176866814
176903077
176922959
177031674
177037372
177143064
177254790
177279974
177354343
177371118
177380690
177417650
177459024
177840503
177853782
177894619
177936986
177970261
178127106
178181806
178189557
178296914
178378215
178390966
178570341
178666623
178909313
179124807
179286930
179305365
179461362
179465050
179526261
179570005
179860671
180090133
180144171
180183828
180205694
180280255
180362220
180518975
180704724
180835639
181070308
181198682
181207880
181219788
181316334
181444156
181558211
181670084
181678186
181814505
182047679
182077484
182174568
182230897
182328154
182373420
182429053
182446487
182463590
182514381
182624178
182854021
182890747
182923800
182929545
183020195
183136318
183148807
183168025
183381290
183518490
183599365
183937138
183969337
184016025
184065198
184137968
184335076
184401061
184476189
184504853
184722196
184872433
185093165
185154736
185193433
185306101
185491617
185516093
185853258
186091998
186271310
186286748
186357685
186440394
186465275
186537717
186712792
186833816
187044868
187176336
187180498
187347375
187621146
187782827
187886790
187996590
188135311
188280954
188323867
188557832
188601937
188777417
188859137
188935057
189011841
189105278
189365554
189485099
189697815
189707958
189822404
190160775
190282036
190310812
190336571
190801399
190816139
191066387
191198511
191247631
191271806
191281887
191516105
192050147
192078337
192103972
192111903
192321764
192651740
192709276
192795071
192800218
192943310
193037226
193208690
193259403
193293376
193354023
193468910
193612398
193658227
193684357
194013434
194061404
194179964
194261625
194406077
194508139
194841188
194893288
194952929
195050142
195145957
195238801
195326573
195469673
195557391
195559317
195710161
195874379
195978921
195980840
196099355
196129392
196134748
196442368
196500719
196514186
196655985
196732774
196839425
196913746
196927676
196964883
196982948
197148120
197327672
197517199
197547391
197582660
197724057
197903651
198071935
198162582
198225781
198312092
198324271
198387445
198430713
198538312
198600556
198993275
198996036
199051296
199063288
199112429
199235821
199253751
199315741
199327123
199491843
199524771
199571264
199753769
200053048
200113173
200151775
200266569
200270064
200300159
200357503
200498775
200499282
200605776
200701825
200780581
200967198
201055901
201101834
201145589
201195001
201233385
201276424
201352062
201408505
201419347
201625999
201631054
201650255
201924445
202049807
202074847
202139070
202182912
202213201
202246211
202423138
202484026
202558181
202814806
202932962
203231108
203254526
203502217
203513386
203678492
203749427
204073886
204122904
204192315
204193677
204621404
204634766
204766930
204862304
204989475
205038586
205124006
205146473
205206981
205304512
205344119
205357826
205407956
205613686
205637907
205863571
205880688
206288996
206402400
206491866
206532057
206616322
206618296
206693832
206707844
206785461
206927479
206928637
207196067
207351578
207392395
207525501
207574875
207630227
208191158
208224178
208296702
208347608
208351867
208352053
208365311
208395303
208442740
208445063
208504124
208559035
208638830
208685916
208721445
208740470
208784225
208797217
208799883
208810890
208842663
209062623
209098755
209128560
209171750
209279351
209333230
209461391
209571147
209684908
209829455
209895229
210176467
210336794
210729026
210775162
210799115
210799528
210802497
211032190
211040083
211088329
211157957
211236378
211236533
211279155
211556732
211597863
211645153
211664012
211690009
211859045
212002908
212015212
212161396
212191436
212286476
212406533
212652943
212655050
212886965
212948296
213296703
213416051
213572124
213603050
213727957
213733122
213761873
213939200
213994725
214165124
214216795
214401383
214770856
214776667
214954468
214963542
214987731
214989971
215024706
215088662
215292170
215467980
215823531
215827164
216085193
216191796
216321456
216475203
216730215
216735742
217326511
217394059
217614807
217756625
217815110
217928723
217948812
218090075
218107325
218222609
218387778
218454235
218498218
218617425
218641965
218680840
218719979
218863805
218923729
219014799
219061258
219161102
219165196
219200619
219330500
219453883
219515829
219595159
219689810
219747044
219767322
219839752
220022256
220048733
220089469
220104283
220361064
220458350
220613819
220776705
220785548
220840577
220941115
221024406
221123960
221152665
221201797
221223073
221629834
221640665
221724490
221799275
221886291
222010794
222538657
223100818
223293687
223421221
223422929
223796154
223801668
223887940
224187222
224193335
224214262
224448562
224773278
224861067
224946155
224976419
224994863
225076600
225238328
225259524
225319887
225689517
225723587
225788944
225789198
225878960
225922620
225971349
225978545
226049125
226243994
226418453
226533203
226540772
226549695
226765205
226965847
227362235
227555865
227663273
228270431
228415740
228445309
228519420
228534728
228781209
228792194
228816199
228830570
228875783
228916224
228922235
229314469
229354932
229390534
229401175
229431695
229445268
229521141
229562560
229737057
229760441
229834119
229854024
229925577
229930633
230287833
230295685
230384803
230458983
230524821
230537924
230592841
230640482
230657793
230804672
230955449
230957375
231036482
231094098
231138640
231153494
231282931
231437755
231693300
231819983
231944815
231961431
231968654
232012220
232371829
232396662
232588996
232617036
232621629
232657643
232671548
232816808
232890260
233051679
233078806
233111310
233194647
233441261
233482077
233575542
233711801
233747777
233790696
233815862
233943478
233979669
234033847
234047922
234178403
234350346
234373235
234404502
234477669
234571745
234721321
235670955
235787989
235903670
235910021
235945501
236310259
236314767
236319395
236341358
236445510
236560540
236566957
236602502
236624680
236785486
237289726
237296043
237354917
237388743
237426062
237868434
237928094
237960349
237962841
238051651
238151738
238312656
238317465
238318700
238403026
238481170
238517835
238522817
238522902
238631353
238665618
238725524
238762293
238802835
238983982
239038622
239047192
239062600
239134384
239220532
239232803
239269575
239272474
239320580
239347081
239447313
239449318
239836964
239872988
239917099
239934090
239974633
240028861
240188376
240208755
240220598
240252892
240293231
240391307
240396260
240581493
240769927
240846207
241054207
241092871
241211248
241284237
241296387
241328868
241399213
241600186
241721345
242098802
242099092
242254612
242283678
242286567
242316687
242320276
242369552
242385370
242541323
242861757
242976965
243108105
243121474
243137330
243148657
243222601
243285170
243288478
243343097
243556237
243639144
243760529
243821116
243912040
243919650
244118331
244229563
244285571
244376449
244415781
244767084
244876365
244985120
245138474
245267870
245268133
245308186
245311421
245334152
245365768
245428226
245479641
245600137
245774377
245915891
245921973
245924243
246018560
246035158
246143984
246272632
246419353
246558546
246637942
246701361
246773979
246794134
247169767
247253203
247371595
247543448
247551718
247637340
247649975
247711237
247862772
247957665
247972699
247992625
248026337
248080688
248098672
248275649
248336553
248502359
248505823
249046044
249091223
249131904
249153565
249218902
249379628
249500838
249550592
249566986
249620030
249706204
249748082
249964916
250094680
250209047
250407261
250407483
250468039
250530998
250703800
250822158
250932740
250954574
250978433
251103124
251189547
251224367
251394735
251422795
251520794
251593853
251681639
251827855
251843562
251936774
252013098
252042109
252060310
252138025
252204951
252206877
252253238
252346642
252380549
252395284
252566049
252577612
252626360
252645817
252667415
252880766
253334286
253340572
253439779
253463830
253697697
253940186
254054289
254099475
254100417
254414386
254571595
254660615
254665143
254680793
255037473
255167516
255232549
255430230
255464018
255493658
255596442
255625292
255631017
255741631
256250066
256250695
256263478
256575175
256695752
256706856
256750964
256851938
256896280
256992645
257081364
257172767
257197541
257257733
257271581
257531731
257906979
257926794
257956045
258004034
258245256
258320784
258378316
258534662
258544908
258636670
258679718
258876231
258931960
258976914
259033191
259045798
259074728
259123067
259230259
259241479
259251979
259253535
259292167
259324436
259329253
259338781
259402209
259428194
259446098
259503858
259561745
259641083
259840887
259947679
260032228
260113574
260225687
260264828
260677716
260705194
260767319
260861034
260999612
261120291
261160271
261175899
261238970
261255528
261310320
261649001
261855624
262051389
262088693
262099997
262150800
262193716
262196710
262219699
262413903
262443133
262821162
262942107
263033012
263046347
263202641
263355550
263494786
263559398
263689517
263766507
263770864
263897266
263927124
264415528
264575618
264582582
264605732
264683644
264740078
264809916
264816178
264867548
264868947
265082595
265153293
265203203
265361549
265497328
265759114
265777479
265798293
265910456
265987250
266101280
266138751
266154479
266354216
266466977
266587181
266710784
266743312
266774007
266916538
267003462
267054259
267120021
267183272
267359633
267399308
267439810
267456144
267941159
268036795
268100285
268126298
268193170
268345088
268374183
268406765
268440346
268464673
268673854
268727219
268735122
268788535
268807959
269134136
269210679
269349737
269399394
269445513
269493406
269533968
269570093
269583734
269597253
269645520
269702883
269746907
269959320
270013099
270042289
270042986
270237196
270342141
270384153
270451769
270521404
270550750
270785192
270858493
270956723
270998061
271128846
271148109
271183875
271423227
271462924
271493724
271740200
271870370
271882609
272244943
272286885
272340849
272487434
272524654
272582554
272597667
272810640
272966395
273033158
273047457
273100375
273243292
273355074
273397187
273454532
273536311
273693801
273834224
273959923
273990608
274028504
274341424
274632844
274786236
274827310
275062541
275168539
275318789
275417838
275422793
275434187
275587499
275728154
275940355
276031124
276173617
276221381
276225002
276307433
276552860
276621732
276746240
276878772
276925526
276931316
277046437
277055901
277079652
277109887
277245541
277248038
277375621
277418672
277466993
277469288
277499556
277537553
277798429
277876107
277883290
277884976
278047696
278050462
278112832
278233967
278383559
278426620
278458114
278645128
278697947
278709879
278837985
279071770
279106776
279154958
279235155
279296613
279358047
279827674
279866279
279929269
280023897
280142849
280209207
280209623
280297912
280313358
280324610
280327902
280463170
280479899
280566208
280574549
280926788
281479570
281488263
281829749
282190129
282225810
282251535
282345718
282377377
282454746
282505630
282532614
282583991
282759105
283137716
283222610
283682439
283724538
283872296
283930769
284287944
284298829
284320137
284336644
284345140
284358912
284622233
284750148
284905585
284961243
285051779
285291607
285298444
285360429
285432596
285688902
285718164
285740181
285772348
285784871
285883364
285916256
285924461
286018663
286075659
286273263
286273674
286291711
286319914
286529608
286562811
286948017
286977977
287166130
287225008
287457870
287525296
287691393
287781323
287843510
287947671
287980114
288365095
288416749
288425216
288438217
288447999
288501114
288519833
288780893
288781373
288813763
288890788
288993010
289329402
289375796
289541954
289608763
289708991
289753634
289853809
289862135
290198863
290429027
290716356
290826484
290886798
290923759
290981044
291024325
291097113
291481651
291521249
291697192
291735242
292123377
292517048
292573230
292781965
292782871
292883718
293095226
293251188
293424749
293597181
293623592
293674302
293751215
293889973
293903363
293916024
293986289
294102725
294192611
294192736
294228673
294268833
294310688
294512964
294818062
295005989
295260234
295537842
295645762
295671350
295815388
295897734
295947371
296144472
296222478
296233402
296507964
297199358
297370165
297459133
297701597
297742048
297747772
297958380
298023206
298042985
298070003
298082329
298183066
298189761
298248617
298352978
298487777
298651705
298663662
298675712
298689470
298865441
298871474
298936558
298947718
298984746
299012804
299074413
299166779
299283857
299372670
299418923
299471819
299495328
299737504
300004686
300110343
300195154
300298286
300514965
300525343
300531137
300684721
300706194
300881847
301138256
301146168
301168783
301249977
301387946
301399581
301431132
301433515
301585226
301780615
301882352
301956380
301981142
301996423
302009867
302034790
302048429
302118631
302168505
302375519
302491464
302775724
302806769
302914945
303008190
303008638
303072582
303352985
303506349
303618663
303725324
303920128
303955625
304393033
304483600
304833833
304952375
305107655
305161608
305217371
305255141
305274123
305283071
305527095
305755607
305797760
305850621
306208359
306274573
306304291
306618964
306648686
306664852
306742752
306908500
307030705
307107073
307158687
307197357
307316305
307366779
307440616
307502895
307701443
307712737
307803951
308140008
308233064
308234999
308235878
308424019
308452369
308492940
308788920
308950183
309150126
309269829
309395943
309400189
309442128
309488100
309586704
309717762
309722212
309739045
309744086
309778668
310134152
310143098
310203366
310230335
310314936
310356899
310397906
310417575
310508224
310532357
310694276
310714483
310748175
310784617
310789084
310792403
310827744
310858328
311017648
311066001
311204541
311273487
311329369
311407849
311542946
311634780
311746267
311913374
312007289
312121591
312174348
312210148
312271584
312398101
312398359
312466210
312533436
312705461
312797199
312849869
312909092
313002933
313084784
313384652
313389254
313391316
313416501
313527194
313675363
313697724
314010679
314072602
314121638
314182300
314285189
314437899
314478277
314965860
315184720
315264878
315350626
315431570
315514726
315568714
315576900
315581879
315692883
315719744
315742543
315746516
315766675
315942087
316102998
316192450
316224249
316439441
316584966
316663810
316674791
316860057
316971739
316995685
317010431
317067213
317217887
317266015
317523093
317534421
317651920
317688574
317716367
317734357
318144815
318271958
318280057
318297895
318449796
318536815
318894878
319214362
319437433
319647457
319673887
319677781
319701333
319831423
319922083
320061979
320203684
320213900
320493342
320522249
320555102
320592270
320604024
320910255
320970428
321099098
321356717
321434022
321529137
321698844
321755012
321823763
322216770
322240089
322277823
322281844
322531001
322610476
322632111
322673745
323105625
323107841
323148678
323309540
323479797
323489779
323502649
323724809
323843519
323946753
323960150
324029192
324123698
324241361
324270825
324314770
324426227
324775378
324799121
324833719
324921683
325097090
325160596
325286507
325499000
325505270
325611213
325637575
325791930
325840688
325843648
326065684
326079163
326153439
326397557
326745409
326771238
326804876
326807153
326976496
327016228
327037287
327094798
327116374
327254843
327260582
327453306
327566401
327595463
327738793
327850789
327914764
327959050
327965502
328074859
328079069
328139214
328249245
328417907
328436391
328470926
328471373
328491074
328580616
328588700
328612715
328633394
328907677
329039873
329248647
329393248
329831141
329841288
329875316
329976018
330094012
330107581
330202590
330210406
330243349
330275572
330275725
330766873
330939755
331046560
331123534
331151680
331161938
331371278
331481989
331602925
331730558
331955529
332096064
332217534
332269246
332287747
332302811
332317999
332440659
332500671
332518606
332525943
332553997
332599621
332612972
332806909
332848893
332870991
333004070
333244451
333312965
333414070
333571665
333894521
334606418
334691821
334766421
334796924
334894284
334931548
334998245
335054390
335199761
335298679
335428703
335463407
335629031
335659773
335767537
335791481
335965941
336013726
336104504
336282122
336437304
336549744
336677591
336927059
336949930
337025570
337042034
337085217
337149262
337214267
337345574
337400989
337777603
337863823
338011810
338214460
338220489
338399930
338652484
338719089
339250086
339291476
339313830
339434499
339453040
339557296
339557648
339632451
339676413
339862030
339966374
340002028
340021537
340047448
340104698
340128403
340212420
340218098
340230410
340318417
340511631
340832617
340912246
341290492
341556920
341689164
341792275
341819372
342061558
342127700
342241771
342447246
342448038
342453664
342485272
342543567
342558499
342635421
342667915
342677071
342731941
342747361
342836612
343028980
343062525
343501699
343557156
343581733
343698581
343734357
343912838
344187987
344324019
344489293
344514084
344612469
344614806
344663016
344880688
345242264
345268808
345429120
345543602
345597038
345624919
345683162
345733711
345755248
345784482
345871247
345906046
346130062
346241938
346257404
346261570
346290398
346340124
346459381
346572491
346737299
346866774
346869237
346910345
347040598
347098581
347227287
347381526
347402030
347702260
347944019
348153576
348233380
348245331
348328156
348846122
348869776
349163332
349333861
349456830
349516079
349865540
349905825
350018573
350085242
350094098
350177211
350244078
350344139
350371921
350915569
350968876
350990342
351086089
351092291
351105260
351160687
351192555
351201056
351205336
351422077
351569953
351647565
351663123
351717725
351759203
351948405
351991980
352238419
352403582
352418545
352471027
352478794
352890475
352923809
353043071
353191166
353216315
353300974
353647011
353672983
353677053
353992832
354159422
354169280
354204123
354394881
354409786
354601513
354603763
354611884
354666675
354926856
355071123
355076374
355204916
355272254
355285055
355967070
356040722
356074977
356142890
356171132
356172954
356214092
356254971
356371031
356443166
356463808
356488923
356540011
356644616
356689101
356699789
356761364
356778296
356786011
356970328
357009140
357090685
357229347
357261385
357435784
357584321
357605143
357697316
357740049
357786857
357978088
358060852
358107629
358125423
358158543
358165852
358248257
358282967
358395812
358629493
358656637
358732858
358811546
358816714
358887464
358976431
359010755
359224869
359587037
359610630
359743344
359847108
359890733
359906337
360040339
360103494
360105559
360166452
360242384
360276991
360302288
360364712
360693587
360755918
360821445
360834006
360865491
360952295
360993258
361024288
361038557
361047354
361081143
361087943
361118329
361153326
361155103
361161300
361349377
361693281
361728215
361759237
361883931
361949311
362301275
362306284
362460719
362480321
362577498
362600460
362607247
362691730
362717025
362798956
362914730
362948628
363008664
363163007
363172276
363327159
363350803
363358759
363480531
363586236
363686152
363756799
363774333
363837686
363997809
364011832
364137438
364150656
364256814
364364991
364421926
364445707
364463480
364766061
364838769
364878584
364883331
364954895
364982492
365021869
365034547
365635370
365649688
365933697
365956790
366129123
366186153
366304674
366533103
366555159
366775174
366886641
366942800
367137463
367294499
367430172
367451493
367621690
367664508
367691507
367778946
367847435
368232160
368247159
368284071
368415544
368514126
368841413
368856556
368857484
368885853
369382555
369441524
369456922
369928044
370183673
370266468
370295613
370299184
370309683
370326634
370624044
370649012
370691214
370874266
370906447
371052756
371279668
371293921
371306504
371484680
371507976
371636792
371888179
371993017
371998822
372266301
372281844
372352096
372474224
372709209
372970117
373067057
373093677
373190948
373284553
373476728
373519976
373541414
373572184
373755526
373912830
373923097
373923810
374105357
374246946
374321320
374449177
374487328
374504981
374557160
374630415
374723368
374847698
375027313
375240206
375302060
375332735
375507300
375596050
375619534
375780126
375812530
375816541
376127813
376289550
376289565
376296190
376532464
376612181
376652709
376674481
376685258
376689708
376932809
376986203
377005823
377268380
377322803
377327613
377412491
378003804
378131093
378203884
378256884
378275117
378294317
378304061
378414243
378434498
378465571
378866241
378915051
379028891
379059623
379283066
379391527
379428878
379568720
379642466
379677239
379704378
379867166
380119277
380290574
380357885
380685449
380743947
380803186
380846341
380943150
380946185
381092075
381236564
381325038
381428446
381475496
381657870
381926569
382022786
382173439
382347380
382383316
382467963
382510528
382570769
382578342
382644548
382651022
382690159
382690792
382820679
382916701
383003166
383107350
383126723
383251483
383270129
383325502
383403808
383407146
383557376
383610191
383773197
384115663
384418453
384834968
384863579
384975343
385011149
385047296
385140348
385141106
385163943
385208571
385246147
385312725
385326580
385676169
385707465
385797162
385828748
385913801
385952846
386009339
386023960
386120713
386188854
386341732
386356281
386820260
386865068
386979627
387147202
387220610
387316011
387438829
387553888
388015381
388086338
388772405
388887585
388908711
388955438
389011178
389032888
389036020
389074557
389295353
389624524
389657342
389738988
389886941
389967793
389980887
390112265
390212976
390301422
390513343
390595334
390612006
390684919
390762086
390766037
390812077
390946197
390991907
391260313
391577976
391622773
391716841
391727468
392185091
392194863
392281290
392330316
392478892
392520101
392537581
392561236
392563151
392614037
392748042
392778331
392786446
393152055
393259467
393352401
393533541
393902785
393992814
394028643
394108655
394160636
394187129
394237675
394265911
394283111
394349944
394488821
394590076
394887114
395267634
395491914
395540907
395634111
395733849
395892935
395904846
396258782
396288393
396294524
396395079
396407254
396505086
396767659
396792699
396878128
396937747
397266488
397368797
397479055
397507095
397573777
397764146
397998711
398013099
398040666
398044815
398050898
398077647
398088515
398098419
398191304
398295479
398320201
398351210
398570974
398573347
398678347
398727826
398740824
398884974
399009061
399180771
399441061
399485131
399506163
399672337
399744254
399759002
399770821
399832164
399971017
400006264
400018249
400129446
400162716
400333040
400408837
400452395
400581097
400662596
400826173
401102297
401128817
401213513
401376994
401467308
401467952
401499563
401509106
401969395
402015997
402339924
402404920
402489506
402637234
402642400
402844599
403019918
403148608
403169815
403550311
403575906
403649467
403826443
403859530
403888259
403964764
404047684
404155992
404260017
404272518
404327191
404352588
404369133
404384252
404431592
404503696
404601898
405358437
405368321
405392227
405411568
405630153
405813521
405992989
406052385
406069704
406070858
406326832
406414593
406555807
406780996
406825558
406892535
406898086
406910800
407044852
407292254
407310204
407388777
407630307
407912286
407933387
408236961
408294862
408356921
408362628
408600263
408628869
408707890
408727315
408816443
408987016
409114533
409360472
409379968
409631781
409746226
409747459
409889809
409964932
410147303
410168357
410183875
410250439
410333703
410608112
410737915
410741792
410912355
410983980
411152885
411539834
411694879
411749408
411964076
412093204
412159093
412197096
412201297
412279965
412761849
412834624
412932582
412972885
413006433
413158700
413171343
413221579
413231575
413440598
413471371
413534105
413582523
413633671
413764382
413895607
414172637
414207407
414245061
414303057
414352041
414747768
414896766
414937566
415003320
415444005
415481018
415715501
415755889
415790801
415822508
415823428
415929613
415957137
416156148
416646098
416790980
416825363
416936053
417136916
417357990
417413425
417432004
417545010
417572502
417666302
418119000
418141928
418295893
418466300
418647662
418881382
419138463
419157940
419161348
419257514
419286294
419291678
419293861
419388144
419488565
419491719
419595353
419692096
419741890
419745192
419973857
420086678
420102625
420304939
420445259
420478072
420570880
420785658
420868567
420910319
421365669
421613371
421677017
421868978
422139268
422251794
422617145
422749973
422773380
422778985
422875395
423033950
423197735
423387638
423448661
423547655
423548367
423598026
423611124
423961937
424006784
424063151
424069277
424137088
424208467
424358971
424460729
424660404
424666180
424743772
424748462
424812431
424831820
424832651
424945824
424957263
424957829
425258629
425373737
425377940
425586488
425639542
425716587
425740457
425814183
426341494
426360883
426460665
426524654
426566318
426810346
427160926
427178332
427211344
427284323
427373708
427495333
427582662
427698753
427741882
427846616
427956480
427976118
428083613
428175376
428387018
428538862
428588616
428652721
428676159
428766506
428842218
428925442
429324969
429405638
429410301
429509334
429663736
429736275
429801692
429883143
429939476
429997604
430020463
430225872
430262392
430465659
430655962
430712306
430804223
430970332
430990552
431120249
431233914
431328720
431641701
431750491
431780446
431850134
431878342
431917652
432013558
432128859
432227040
432352801
432409360
432593697
432693152
432810449
432979528
432991471
433000453
433048332
433633013
433755560
433908413
433952090
434092184
434099520
434333603
434386720
434436448
434528842
434578427
434666862
434693651
434778188
435077962
435277664
435447617
435515589
435553705
435613773
435644530
435679513
435754674
435967749
435972755
436322156
436405805
436459142
436693764
436742631
436742689
436912352
436919469
436924571
436984547
437136502
437186447
437244322
437286807
437475998
437522648
437577338
437579175
437608401
437760060
437838347
437874282
437915381
438022747
438155184
438179695
438449494
438569769
438604630
438624189
438728875
438867178
439048848
439071412
439091019
439118553
439168027
439192488
439836225
439894766
439899389
439964044
440016932
440287907
440312189
440345809
440347334
440505983
440730041
441015876
441708078
441733415
441813600
441946792
442018193
442171005
442350540
442416687
442436710
442925866
443039952
443118317
443215347
443386800
443423410
443469521
443490957
443568454
443651751
443669293
443697342
443717011
443754236
443829740
444387421
444458747
444626711
444660518
444668781
444788451
444847448
444877584
445076243
445160115
445190975
445216675
445226396
445318635
445348779
445641052
445669662
445698358
445742040
445808435
446481066
446647221
446761792
446794763
446797497
447003513
447015440
447070126
447161434
447437446
447442917
447528198
447539527
447554695
447958726
448062772
448257973
448336119
448465102
448468271
448477521
448585509
448851311
448958912
448981410
449387673
449418070
449458564
449632084
449681354
449685336
449779039
449791759
449827494
449928163
449962920
449969318
450171354
450227154
450236831
450312843
450452700
450701139
450837006
450855109
450865971
450904494
450949087
450957085
451049052
451051132
451131931
451225879
451414269
451520362
451548908
451676212
451939181
452133539
452356526
452447942
452485721
452657227
452686727
452752785
452755782
452855314
453033756
453156922
453272129
453311048
453313888
453357004
453502411
453534820
453870090
454095041
454115598
454164292
454165127
454178643
454396335
454455821
454483394
454675349
454863049
454885811
454886566
455093631
455126014
455197216
455250795
455335532
455529251
455582668
455595576
455823945
455917682
456375103
456434056
456806949
456857362
457072352
457080404
457094285
457101318
457239827
457240020
457399673
457450245
457505534
457561269
457613246
457662924
457925260
457950295
458072892
458076610
458189622
458214196
458317923
458413886
458425571
458829279
458835994
458909298
459139052
459227700
459276776
459777380
459859929
459894762
460126703
460160460
460481985
460514576
460551443
460586991
460653039
460662550
460950951
461174370
461190165
461504878
461519294
461649242
461907359
462322075
462360228
462417101
462457632
462499446
462508747
462781576
462982933
463125845
463230229
463290183
463303356
463458816
463493739
463529127
463635013
463675122
463741844
463903696
463924173
463925350
464001390
464087755
464224344
464508638
464580551
464588957
464686338
464838834
464886991
464900526
464931515
464968159
465202356
465209500
465217834
465294138
465356727
465379827
465485819
465516938
465565114
465591108
465682220
466043224
466110047
466337158
466390053
466534904
466557937
466589547
466696871
466881243
466912441
466952526
466978225
467051781
467141598
467199609
467391693
467503262
467601716
467614489
467642804
467722484
467803250
468030461
468098594
468108388
468482085
468514669
468743863
468882318
469015727
469112875
469186819
469301333
469327588
469370684
469699722
469857854
469918949
470020913
470216379
470337237
470359740
470397293
470411376
470439793
470463650
470558503
470697399
470732762
471179141
471186662
471443645
471475881
471548991
471732626
471794016
471957258
472073092
472144405
472237177
472283915
472301737
472312028
472330888
472343484
472343567
472579011
472607737
472640209
472775106
472791074
472975464
473057009
473295378
473367422
473406687
473586803
474141316
474159376
474309835
474366551
474542610
474811939
474966804
475037373
475145004
475171755
475393521
475434499
475480475
475627910
475658773
475730652
475871850
475944361
475984712
476029232
476131772
476279908
476397221
476500614
476555212
476694399
476729350
476806745
476809485
476817555
476928149
477239524
477316711
477421456
477447543
477491600
477525866
477720380
477752082
477819545
477841943
478012864
478052242
478115571
478208869
478815474
478917076
478929063
478965240
479053873
479084529
479150808
479193201
479271169
479296355
479408306
479429672
479475578
479668964
479736009
479803156
479957336
479973055
480052174
480169830
480220818
480289718
480398067
480469247
480500070
480501170
480519132
480575697
480628939
480630168
480732682
481193318
481465530
481522494
481529402
481650683
482010245
482022224
482078664
482171978
482230269
482407725
482535843
482769850
482778486
482844261
482931782
483023492
483094034
483403755
483430598
483472821
483474105
483608099
483620328
483647277
483836718
483975628
484115473
484173018
484232609
484245682
484315295
484423973
484480580
484482409
484696530
484742526
484875244
484976770
485003867
485085542
485222633
485351215
485407074
485412175
485489656
485549051
485550070
485636830
485821824
485863772
485964804
486188572
486238655
486266613
486423545
486494515
486761654
486764264
486795370
486930438
486938115
487252939
487281464
487282175
487288310
487337584
487442037
487442297
487471767
487585880
487711973
487734212
487774885
487856162
487856571
487874442
487909800
487961316
488042850
488056645
488065666
488072883
488104667
488478201
488564972
488799888
488817938
488919518
488932039
488938400
489098768
489105705
489112584
489192593
489301424
489410900
489462481
489571964
489772255
489841931
490121564
490149081
490184202
490271389
490388044
490457398
490550498
490741249
490791737
490883484
490898754
490899111
491005396
491112707
491121148
491202269
491275250
491508678
491698983
491716618
491788623
491838221
491922653
491957885
491974055
491975751
492015937
492072655
492166770
492175100
492218267
492247436
492329506
492394798
492600850
493016895
493085859
493149129
493156390
493215911
493223843
493268105
493279631
493357597
493370818
493490667
493523107
493542726
493559014
493619798
493646191
493720331
494038786
494130803
494147317
494205257
494275160
494295934
494312973
494324636
494573931
494606252
494620436
494642833
494972104
495001625
495013382
495014936
495111474
495317911
495341519
495401271
495519469
495757078
495837257
495874264
496498303
496774894
496936706
496997238
497106023
497152039
497185052
497332065
497507094
497525623
497525820
497592657
497595454
497625557
497767227
497787047
498166554
498363540
498409208
498428126
498428239
498617128
498653077
498679237
498687604
498696714
498697450
498796250
498798609
498925831
499062521
499117049
499478846
499673221
499711433
499794565
499859984
500098021
500188491
500298051
500316799
500456803
500501739
500505790
500628557
500707634
500759707
500770370
500830085
500863655
500884671
500926010
501024148
501084950
501183415
501313073
501406649
501580295
501594302
501793296
501846643
501886490
502049358
502246989
502346312
502441333
502449958
502698049
503059103
503362479
503554355
503573848
503657121
504132632
504133412
504298636
504327560
504443968
504444410
504498021
504669121
504746865
504915444
505009970
505097955
505323577
505345959
505460022
505505345
505657077
505665435
505714529
505785629
505799646
505835735
505931588
506083313
506184293
506201167
506694921
506806290
506868919
506901198
506993187
507060686
507072803
507397482
507415118
507456156
507487567
507560155
507686848
507709264
507712794
507818266
507831250
507929920
507952436
508074167
508163226
508507233
508581541
508598933
508731553
508884829
509114393
509154802
509193238
509271658
509370976
509383546
509400059
509609058
509948640
510007440
510045523
510228023
510311782
510336824
510534519
510615038
510698014
510857300
511030744
511282896
511287144
511291271
511370009
511496022
511622263
511632131
511743700
511746791
511909203
512020667
512205320
512230853
512248203
512302841
512324088
512377235
512416165
512430394
512438321
512497368
512660693
512743561
512881970
512918853
513038711
513476855
513859760
513890377
513894799
513939434
513987895
514295459
514441586
514581121
514589838
514647158
514741628
514870024
514872884
515103822
515155802
515170940
515247883
515279299
515327939
515344140
515458761
515514370
515524685
515574789
515626723
515748744
515972341
515975317
516058439
516255373
516324150
516384134
516686912
517100497
517348197
517448382
517474005
517480724
517622738
517778790
517807594
517818142
517930757
517947720
517976676
517977242
518043860
518119168
518159230
518275320
518402535
518485273
518649110
518685337
518798968
518821406
518931097
519066021
519223012
519267699
519384329
519498372
519572095
519674564
519952021
520020538
520060783
520120859
520153141
520323460
520461027
520639726
520680027
520737402
520940089
520974218
521094975
521105525
521270009
521282046
521319821
521444199
521509421
521527056
521850153
521851452
521870806
522165898
522281066
522339496
522536480
522578282
522692539
522876077
522955476
523175578
523245836
523390339
523481325
523607554
523719254
523760688
523893320
524155123
524157629
524350917
524379196
524433121
524572296
524601753
524829504
525220517
525299312
525415518
525510359
525586431
525783896
525821658
525974018
526121507
526386512
526706071
526919872
527008354
527029725
527039669
527090079
527151632
527279284
527509431
527715537
527794796
528077013
528092115
528116761
528181389
528333144
528378722
528453217
528533231
528564091
528568889
528600479
528632116
528708419
528720604
528779574
528939504
528941253
528997429
529018688
529095022
529113925
529172668
529196304
529234586
529255920
529275729
529307248
529311925
529505573
529553468
529565177
529769138
529778184
529799935
529867612
529928766
530020636
530138959
530230595
530276764
530307031
530386336
530557767
530691941
530804996
531034407
531101978
531168843
531270121
531385163
531759217
531771469
532066625
532162820
532528893
532867950
533006018
533144057
533146641
533370051
533493448
533514815
533515425
533567827
533576498
533636570
533902301
533929880
533987919
534319015
534456428
534515311
534799489
534992197
535081870
535343629
535356144
535508704
535689619
535763787
535817188
535883531
536057804
536133777
536145262
536291110
536892213
537019299
537033261
537267582
537544595
537836554
537925464
537937299
538044063
538104348
538122610
538154581
538218851
538461055
538564948
538567921
538635684
538740780
538741892
538799374
538868551
539114911
539124285
539168710
539237466
539237484
539388310
539400629
539511938
539707045
539727766
539745600
539848777
540289272
540332142
540382175
540388276
540531284
540689194
540723712
541043943
541357278
541410754
541437814
541634134
541729365
541776184
541780773
541804590
541867301
541876776
541923937
542151442
542215460
542244300
542343410
542399851
542500616
542666761
542732591
542767595
542983291
543186241
543241374
543307508
543335123
543368167
543434619
543492334
543540511
543664599
543734039
543944131
544043373
544061205
544071896
544201428
544272180
544283733
544294515
544469311
545001284
545286887
545445701
545567119
545620693
545666038
545811765
545846402
545858489
545998069
546056501
546156138
546211690
546281189
546334315
546340655
546388175
546510106
546556090
546599044
546695588
546989447
547144495
547207020
547327053
547350844
547429157
547538090
547719809
547881132
547906226
547916285
547960022
548076770
548081805
548283668
548407801
548444011
548563074
548636712
548692053
548801563
548808011
548909735
549156491
549186037
549280710
549779307
549819967
549861965
550072898
550083323
550201183
550417936
550433956
550521009
550578580
550807905
550948874
550972568
551245674
551349581
551591943
551667851
551722243
551742485
551796118
551898016
552171766
552183441
552248685
552339795
552513549
552756104
552898658
553106665
553108420
553168359
553211982
553241344
553391483
553508657
553589693
553635349
553726275
553802308
553820326
553878487
553983384
554133200
554275547
554284920
554347409
554536783
554623804
554733732
554746424
554829169
555026862
555037907
555100005
555187519
555411023
555422544
555519206
555685352
555899083
555901979
555972108
556291874
556401757
556494598
556530231
556825463
556937993
556949781
556950621
556956210
557347481
557622395
557711091
557765384
557813880
558087870
558272251
558296807
558324428
558594583
558706568
558783534
558802948
558916463
558967932
559070384
559082882
559203169
559265161
559299021
559381155
559399740
559524990
559603077
559661575
559901834
559973734
560082951
560091667
560236019
560371706
560572625
560711631
560785387
560818098
560833873
560859299
561142188
561171190
561246109
561642554
561686553
561841240
561841436
562101806
562177810
562274399
562315596
562379986
562470734
562481257
562535078
562625300
562638579
562741221
562790752
562905269
562918725
563059947
563174742
563178676
563179736
563387939
563472635
563484773
563586028
563705468
563725946
563815017
563835124
563838265
563860624
564037956
564058861
564059147
564167882
564252516
564402210
564471903
564647766
564753493
564824288
564888642
564904820
565020101
565115798
565164762
565227819
565333027
565451149
565589693
565749160
565828458
565903060
565909140
566158104
566159964
566496288
566631565
566772615
566785180
566875110
566921280
566977961
566989471
567055739
567141621
567288634
567334094
567351958
567481217
567526464
567755259
567810888
567837039
567947952
567959864
567995813
568031320
568075516
568097982
568104004
568150158
568166800
568179328
568186642
568220885
568449103
568490686
568773651
568783426
569223668
569279721
569297648
569478746
569513428
569574657
569577397
569692446
569711055
569905546
570244881
570312340
570334643
570336894
570448038
570696225
571231204
571457766
571486376
571602568
571617458
571644542
572001709
572093421
572148241
572275139
572327605
572341884
572627489
572674549
572725615
572730027
572744292
572757326
572785186
573261696
573467684
573543551
573583776
573621447
573632369
573799095
573958671
574090518
574150636
574302995
574575345
574643537
574889877
574985849
575021201
575278362
575326859
575346466
575408663
575413142
575503127
575532912
575622423
575627159
575700420
575949691
576064402
576118999
576329448
576407758
576439279
576461292
576610582
576719166
576720725
576750814
576848790
576934235
577125369
577134160
577278475
577500764
577506775
577604379
577628928
577708951
577756883
577859284
577960406
578051105
578071703
578165563
578214164
578246793
578417002
578482409
578530063
578598594
578671182
578754736
578848515
579472428
579575090
579580293
579603904
579636849
579806442
579813282
579829737
579879178
579938160
580015190
580029012
580139282
580177342
580361496
580362511
580434621
580538977
580651783
580768468
580873301
581050859
581194320
581219695
581248769
581277559
581724715
581748056
581782732
581811400
581825427
581829574
582060685
582164016
582336230
582358517
582377297
582401564
582478548
582509141
582595134
582802594
582827119
582859845
582928647
582931316
582941331
582943870
582980407
583069270
583249929
583365009
583442398
583541456
583799018
583867064
583868063
583895584
583911723
583962155
584428539
584438092
584463453
584526218
584541799
584669025
584737015
585107208
585149341
585206028
585256613
585416272
585501595
585520424
585681223
585691172
585979695
586021062
586188555
586489536
586595107
586604382
586817438
586858762
586878006
586897379
586937139
587098807
587254764
587362753
587441413
587583702
587693099
587769061
587788583
587827954
587883737
587896618
587915932
587959411
588065925
588077109
588182757
588312324
588630032
588648266
588805160
588869365
588884941
588895662
588934663
588990022
589298149
589534422
589708349
589856483
589885888
589998013
590012727
590049061
590140631
590230702
590241972
590363256
590363366
590730017
590949221
590981483
591004903
591229474
591288909
591299327
591470135
591525488
591586694
591722001
591784027
591898116
591909695
591927434
591933921
591973336
592025540
592292920
592313771
592357792
592436793
592525213
592629603
592677473
592731660
592757768
592876951
592987981
593147998
593183902
593233234
593367401
593623046
593680261
593721627
593959806
594191321
594804271
594919159
595024180
595051031
595051286
595100918
595155829
595402146
595573606
595732080
595978908
595991578
596038058
596473954
596518559
596602413
596610663
596765544
596770992
596781398
596818130
596818590
596821749
597042789
597186980
597397018
597473081
597562693
597689592
597790934
597850980
597932880
597981693
598043730
598162172
598324332
598348138
598540273
598614660
598664230
598710879
598802607
598859936
598963982
599043613
599066176
599391175
599472437
599519198
599537288
599545443
599554173
599677319
599726124
599901281
600032082
600140639
600254827
600326228
600348991
600352719
600373611
600428388
600666697
600669803
600689343
600720695
600780196
600832535
601087073
601135853
601173611
601248049
601296914
601343325
601415773
601426270
601430387
601461014
601527543
601548692
601640304
601768982
601803362
602197618
602229048
602306396
602312656
602370814
602385113
602634966
602732908
602834167
602854776
602873658
603005075
603016468
603142574
603150495
603184528
603370282
603559510
603609547
603628878
603698307
603730746
603800193
604048365
604170675
604299136
604594830
604602461
604792226
604860340
604915806
605080529
605103435
605107334
605280080
605351637
605435263
605466670
605544482
605595974
605707095
605758726
606037303
606150986
606320832
606364777
606414960
606440614
606440633
606530323
606683406
606770521
606919213
606995161
607010872
607047437
607107185
607217631
607287245
607314400
607338585
607409099
607412373
607549237
607566454
607818119
607828531
607834398
607840655
607925051
608046229
608169421
608187671
608297447
608333131
608340562
608385597
608537146
608633195
608767920
608928041
609096314
609193634
609196906
609320573
609356154
609659799
609695852
609969648
609986437
610014561
610059405
610179021
610231511
610305374
610382027
610394560
610423322
610607977
610652715
610723007
610826300
610883309
610950244
610996690
611149071
611276005
611300941
611387661
611391902
611466698
611490713
611517096
611533910
611544391
611842964
611855552
611982343
611998450
612045688
612053787
612094347
612361280
612378607
612439081
612446698
612630626
612693911
612824749
612893186
613143168
613294792
613346286
613478500
613569398
613811485
613817015
613937067
613969151
613982500
613998035
613999329
614151992
614290809
614422537
614498377
614977975
615044012
615076551
615178105
615467771
615481201
615663134
615703926
615756842
615779275
615907582
615912396
616037428
616086800
616198040
616247790
616334769
616366382
616495840
616635171
616640654
616785966
616786418
616830159
617032405
617249748
617505143
617527181
617678949
617999114
618040010
618085258
618094934
618181780
618268547
618298341
618447583
618555643
618653005
618721231
618736313
618794194
618800752
618826973
618892982
618945307
618946278
618951523
618965203
619012198
619414778
619487588
619622220
619803401
619812027
619856747
619964414
620206337
620282416
620405977
620451792
620579342
620641094
620774887
620942790
621011574
621096252
621203319
621383490
621430753
621525196
621561794
621599124
621932701
621966618
622013041
622245469
622287799
622310717
622897218
622915604
622941801
623063910
623064923
623354646
623435910
623553358
623593849
623631661
623650874
623668410
623694125
623884034
623978985
624276123
624318881
624395759
624489900
624802543
624802892
624879723
625019127
625041385
625071133
625117341
625277387
625306442
625355810
625374069
625562725
625569206
625675344
625689639
625710323
625893736
625942723
625945448
625951323
625972147
626067526
626210734
626429911
626494229
626497796
626551095
626636112
626639113
626660916
626680464
626757475
626800051
626932254
626943196
627083188
627129976
627150118
627261282
627476189
627717338
627757388
627905540
628048135
628124459
628264647
628371098
628378367
628445845
628475301
628597759
628692502
628752406
628841260
628846718
628893291
628913230
628929804
629022084
629402126
629428875
629777283
630260178
630486114
630587411
630634051
630718927
630752886
630896947
630926891
630973541
631031715
631338744
631360555
631447525
631481069
631755937
631794163
631884513
631933103
631935887
631980590
631998487
632243391
632345779
632392330
632430852
632523720
632532930
632541833
632577950
632606921
632613037
632755193
632924192
633130699
633172679
633271813
633301167
633316990
633443544
633518923
633555110
633570251
633669396
633790455
633932435
634007638
634177118
634432967
634441886
634469666
634522025
634645094
634719915
634861675
634925486
635061295
635130546
635228022
635245113
635278675
635595664
635635623
635814883
635872466
635932807
635942450
636135246
636200228
636214076
636396421
636479545
636647369
636663535
636713197
636771581
636772862
636798874
636936706
636991871
637079914
637199285
637653767
637792837
637820227
638065942
638093702
638128410
638482225
638490513
638559311
638575313
638653836
638685137
638726947
638774864
638795130
638795564
638820254
638895902
638937903
638953693
638954783
638990030
639121472
639177830
639180739
639220702
639268681
639292377
639354051
639380754
639385661
639395627
639405223
639606184
639687532
639715174
639849636
639901950
640242884
640357754
640454611
640790736
640867873
641016765
641064818
641085678
641150051
641198673
641224572
641299805
641607484
641619004
641668547
641879328
641886239
642096709
642102974
642222331
642309106
642422259
642453033
642472922
642914712
642980450
642985616
643036492
643079144
643386756
643435232
643473229
643588157
643819359
643987470
644187458
644342406
644393442
644410759
644454761
644519526
645214391
645292223
645300167
645388317
645450254
645863377
645897605
646221349
646324937
646449861
646499159
646845660
646898392
646965203
646972462
647113251
647149337
647208058
647304905
647523657
647691948
647695307
647740718
647769916
647829868
647908262
648059476
648445057
648531394
648591752
648658243
648731723
649053043
649080688
649189701
649214879
649319151
649380195
649909917
649943117
650004183
650042048
650045855
650084998
650166391
650467896
650495992
650615855
650778489
650861890
650880543
651057242
651110507
651225005
651286676
651347359
651511058
651576659
651577341
651590281
651930816
652155041
652386675
652441221
652468449
652488730
652500682
652573454
652635986
652659636
652676336
652808232
653389392
653432654
653436864
653577857
653638935
653643721
654093075
654124232
654160419
654271247
654393805
654406462
654566671
654600839
654608966
654690963
654781013
654834474
654915805
655075489
655199537
655235067
655245058
655494818
655563319
656568709
656597836
656739629
656748996
656756713
656894024
657011843
657128208
657139854
657325082
657355733
657466042
657550206
657605657
657942773
658123380
658128745
658227872
658255577
658347303
658372473
658418805
658526938
658841199
659096051
659097875
659134729
659252577
659268920
659366554
659438693
659445368
659655667
659730431
660007032
660012456
660263944
660429756
660781834
660863164
660885744
661042295
661083540
661102577
661300688
661464786
661484992
661598843
661763700
661789935
662041905
662118877
662123902
662142990
662230896
662288010
662391610
662505913
662863458
663034887
663163146
663315038
663390219
663434199
663547186
663861386
663868504
664011708
664022584
664210661
664466594
664520053
664609370
664700088
664826846
664898463
665171597
665265443
665440505
665508421
665641774
665710474
665827498
665987320
666093582
666110001
666331720
666408140
666425132
666447432
666465562
666508142
666645383
666967574
666990908
666991507
667007601
667510962
667525878
667615545
667653577
667759159
667790164
667955500
667986553
668021004
668058497
668112686
668140858
668150040
668249692
668275961
668370901
668430316
668544250
668613319
668660417
668891046
668936954
669032867
669057206
669086377
669334727
669366046
669382142
669538379
669794210
669798590
670075550
670250713
670258228
670272219
670329818
670406102
670590480
670649757
670762147
670915463
670931460
670957056
671039921
671087647
671116035
671220778
671415073
671542752
671777259
671944433
671947782
672233933
672296413
672405077
672461963
672590700
672710784
672750858
673118647
673216346
673478363
673507942
673508400
673585040
673704601
673709418
673710078
673730851
673758973
673819598
673886121
673893128
673911477
673963309
674039492
674057911
674162639
674423337
674653642
674720942
674813516
674886820
674893844
674941499
675076253
675219804
675248928
675466516
675492023
675497822
675500959
675657979
675663008
675893466
676004717
676067790
676166200
676172701
676262456
676369779
676527603
676598995
676606218
676673540
676775636
676781191
676840771
677115565
677275276
677346237
677359480
677519604
677570701
677593780
677652986
677703827
677857961
677859642
677915559
677972279
678053231
678178056
678244889
678563491
678677626
678810422
678994123
679101520
679429067
679517046
680196878
680208243
680230541
680345000
680351063
680358858
680417837
680543844
680638610
680671827
680779998
680794092
680827398
680920997
680935443
681007328
681014540
681181245
681256630
681296308
681389062
681419004
681421526
681472117
681561826
681571719
681850530
681860604
681914519
681974573
682196874
682321496
682361354
682573525
682664209
682997328
683091441
683356341
683404597
683557278
683651131
683719994
683745068
683779590
683880416
684017006
684441204
684650068
684694397
684835841
684925415
685277924
685468577
685747339
685750847
685911693
686280241
686384034
686464970
686527159
686625399
686672702
686751109
687132665
687356066
687362724
687380982
687447061
687584035
687613502
687843843
687876257
687937840
688104265
688136282
688330982
688388763
688457540
688624185
688711306
688715870
688771838
688930053
688989562
689303347
689392882
689497868
689752701
689771290
689778504
689784251
690167778
690423101
690447817
690692910
690758112
690760096
690774154
690834628
690849874
690917099
690950798
691170964
691182929
691197127
691335076
691391525
691520753
691561437
691582653
691845239
691852378
692184247
692250571
692439165
692566599
692694169
692781184
692796467
692838781
692840562
692974990
692998600
693023174
693057796
693169003
693183651
693617034
693671973
693698854
693881328
694072379
694213492
694231438
694244525
694285372
694391619
694824237
694852515
694919989
694936470
694950869
694954060
694957580
694988043
695024045
695080627
695085887
695208607
695357446
695395950
695446596
695569293
695660573
695742940
695960528
696094319
696134779
696218987
696277656
696311763
696401675
696950076
697020037
697046878
697064092
697819417
697826160
697836175
697948225
697964353
698055894
698205011
698400048
698430071
698665100
698725716
698880099
698910889
698932315
698947492
698998409
699071193
699192918
699270782
699444726
699473374
699592239
699675446
699739409
699754215
699792987
700047657
700136007
700189266
700299308
700324427
700366958
700407538
700448267
700613290
700691358
700719311
700731068
700747938
700770408
700773844
700935271
700936026
700967795
701058943
701282232
701478613
701544188
701726170
701732434
701735378
701741443
701900833
701923053
702079751
702657610
702667764
702697704
702716398
702854750
702871831
702906880
703085439
703113202
703251488
703298247
703343387
703361400
703451327
704083149
704093229
704266477
704276321
704508325
704536640
704577699
704639850
704743092
704791679
704821037
704835524
705264147
705656349
705778598
705783350
705843866
705874036
705967746
705997884
706012162
706040641
706197599
706310708
706343524
706364982
706436435
706621334
706904534
707014873
707116968
707304586
707546000
707611260
707734141
707948476
708012270
708012352
708109478
708163644
708340904
708430315
708459106
708555176
708739358
708766043
708802769
709019058
709104068
709243838
709342565
709352673
709384392
709534707
709653294
709954860
710265425
710371491
710410290
710678386
710694635
711004277
711018765
711237384
711419314
711485611
711538391
711577668
711903073
711904350
712049911
712185979
712296156
712320667
712523433
712603101
712729752
712753467
712762506
712844929
712847308
712959497
712985500
713074273
713195498
713239896
713308820
713308970
713318997
713365161
713470865
713528811
713570032
713578650
713718040
713796011
713829874
713859474
714080032
714285078
714345903
714764602
714861763
714930475
714984817
715034866
715124850
715163788
715309920
715392727
715442143
715765739
716034665
716041094
716052622
716153848
716208346
716272897
716286145
716350198
716500373
716607931
716608536
716648743
716736107
716771731
716785877
717026335
717205958
717313414
717481856
717506538
717540544
717732579
717747435
717784700
717908888
717996465
718003798
718159604
718222951
718224786
718389332
718692211
718698922
718740205
718827659
718903481
718906621
718949723
719078653
719195392
719320510
719446575
719496363
719558992
719920542
720103633
720104865
720113771
720357959
720374022
720494180
720655524
720704182
720852256
720863500
720880552
721102785
721272959
721389918
721537977
721900026
721962239
721973990
722088502
722503204
722900712
722971812
722976029
723025904
723053247
723071690
723076388
723086779
723147063
723181398
723241291
723299301
723463207
723542773
723564748
723674647
723827155
724012798
724048548
724762111
724798950
724803262
724975096
724982415
725124852
725136180
725169710
725192727
725309303
725377752
725466647
725495866
725588153
725710063
725739938
725753397
725803531
725819747
725925581
725942954
725953177
725956144
726249533
726298950
726376617
726378484
726431337
726502731
726591265
726712018
726742010
726964119
727023689
727106017
727441691
727521654
727640654
727739497
727764598
727795884
727863845
728004633
728085254
728180907
728206289
728310995
728592376
728659813
728711669
728932454
729074259
729401360
729413596
729575888
729660698
729668984
729806081
729816225
729938336
730027548
730059654
730181914
730306198
730332884
730541486
730552593
730608292
730749034
730811611
730820996
730880242
730946568
730973060
731073440
731215208
731249208
731295416
731331175
731505231
731542250
731711655
731731484
731737681
731876952
732085172
732145061
732170114
732282698
732434103
732471638
732628790
732651469
732654365
732934257
733023950
733384368
733721407
733826757
734009718
734071633
734127897
734213356
734791765
734921560
734983142
734997243
735057112
735195449
735388103
735495498
735615504
735910454
735960409
736086171
736112546
736224120
736233273
736245866
736264963
736266149
736695637
736743482
736822046
736876689
737029164
737284015
737337372
737587721
737669202
737729192
737788136
737892146
737894240
737948054
738100504
738169004
738183996
738595665
738649585
738727831
738981547
739160047
739222730
739299789
739317909
739503593
739559047
739562288
739665663
739712529
739716861
739943064
739947767
739972880
740018880
740041659
740148236
740184806
740220485
740355497
740361873
740395390
740678881
740781102
740784222
740824351
740931336
740932982
740981884
741137760
741189617
741265080
741275492
741280936
741301375
741562695
741634046
741641788
741702095
741733456
741799344
741951806
742025048
742055942
742560171
742720112
743062471
743140944
743191940
743284298
743408513
743419164
743470880
743629821
743767495
743841036
744016812
744064685
744073814
744237270
744294852
744322836
744368402
744434036
744595921
744718426
744899802
745113886
745114625
745117451
745183117
745265225
745377048
745440999
745511176
745985445
746034987
746222966
746511120
746690054
746980385
746996831
747115031
747158583
747553373
747619483
747669813
747800042
747842529
747897783
747963850
748012838
748017153
748111750
748247140
748268744
748417614
748586188
748794266
748802061
748908696
748930217
748977027
749145256
749148587
749174711
749189715
749193042
749205548
749258659
749341636
749389720
749471698
749508797
749525881
749656724
749677873
749766679
749854264
749866691
749916493
750085391
750118879
750247122
750302925
750359723
750686110
750718294
751025862
751057674
751305208
751307124
751381707
751464427
751604412
751804476
751822093
751849105
751852169
752028567
752108517
752229794
752331250
752485336
752591994
752648485
752949614
753042987
753255900
753276908
753479395
753555258
753593697
753741111
753752452
753841755
753911379
753915105
753958109
753983645
754179708
754250119
754261385
754276819
754349887
754356741
754362784
754458699
754527796
754549447
754838276
754858981
755049303
755105090
755134468
755309249
755478176
755595098
755616400
755619311
755655043
755660899
755682759
755758703
755813028
755995969
756040447
756442613
756527624
756692518
756712101
756864504
756955592
757110775
757133901
757258427
757330072
757341447
757375227
757424983
757491127
757687178
757713592
757931290
758001391
758258860
758285778
758365470
758546767
758591143
758712085
758858793
759053648
759071559
759098449
759163663
759165393
759209187
759219824
759356742
759370129
759525522
759598259
759608868
759716433
759871029
759925587
760109510
760198225
760207428
760294479
760428419
760448432
760481961
760536514
760638675
760690873
760759782
761043108
761161407
761193003
761222859
761377141
761422675
761429519
761501556
761871797
761916970
762056560
762143231
762170619
762174505
762179443
762303808
762332512
762447390
762679247
762827477
762844510
762872647
762938452
762983476
763020747
763125771
763162689
763237706
763273353
763278388
763383871
763410296
763456596
763490034
763538508
763637870
763663391
763713187
763922698
763925181
764075664
764133406
764377029
764390999
764600819
765101773
765149635
765157498
765193044
765320555
765330032
765341172
765345773
765351390
765375665
765422364
765537256
765611691
765731027
765755617
765798264
765833490
765847147
765978582
766078670
766153288
766178502
766300331
766321381
766464526
766567832
766624115
766660262
766680202
767045690
767085988
767249278
767254708
767639738
767653304
767693013
767757861
767794857
767946371
768081520
768110416
768442363
768591030
768636927
768645149
768667082
768685095
768706698
768915183
769387253
769392569
769438770
769535829
769645424
769702162
769892311
769905401
769908278
769910716
769973074
769985915
769992994
770092396
770309115
770572641
770596773
770793855
770801596
771057983
771264763
771475151
771488124
771717095
772103697
772151814
772326197
772364253
772440815
772578329
772610436
772615034
772735170
772760926
772775045
772818210
772827351
772941386
772959622
773052834
773156797
773208795
773402816
773463767
773488949
773687744
773788491
773923900
773931677
773951331
774081614
774392623
774472168
774534678
775173650
775307467
775473443
775474829
775630421
775748342
775801519
775969000
776045280
776126297
776380031
776585342
776952731
777008288
777208287
777417218
777448446
777503889
777751093
777887291
777976121
777986870
778027161
778102633
778172313
778277674
778468117
778482558
778637790
778724481
779097380
779245801
779250518
779567747
779576509
779614279
779701823
779749512
779768665
779806128
779812093
779834455
780136873
780199371
780222389
780264733
780345903
780391591
780450338
780457382
780560055
780655046
780668073
780680739
780767507
780830493
780834124
780909394
780953760
781001715
781132001
781328779
781442574
781631588
781758112
781863146
781864781
782081895
782176096
782335477
782503882
782520392
782731251
782741653
782771219
782840364
782913001
783544750
783743166
783904690
783997000
784318075
784348835
784387127
784451476
784638179
784737849
784744207
784841388
784995811
785034864
785104016
785134220
785460030
785627761
786051148
786122438
786128064
786294949
786328110
786449433
786481258
786612508
786678570
786684138
786893157
786922356
786999228
787072824
787104666
787151185
787165779
787231092
787234726
787244262
787258706
787268572
787295109
787398916
787481046
787563268
787574298
787656896
787683539
787698286
787751457
787893595
788030658
788117858
788218456
788305472
788434261
788451515
788521953
788582594
788856326
788877207
788954912
788991520
789069830
789086720
789112761
789169468
789170470
789220271
789225214
789343756
789488807
789745627
789767490
789843348
790028184
790136535
790203686
790216089
790232313
790480115
790700687
790775580
790855410
790933142
790938295
790938329
791035966
791107964
791238078
791417485
791626273
791846145
791908428
792075151
792136400
792360948
792431451
792487748
792569935
792770353
792937413
793069294
793141519
793200401
793207429
793378785
793387934
793654535
793720413
793941856
794195050
794209261
794707585
794856934
795007342
795061277
795112062
795167436
795371674
795395418
795620106
795711157
795894664
795917179
795965608
795998236
796087590
796351020
796677484
796725192
796761363
796901689
797057809
797125852
797466939
797528474
797725723
797766575
797796251
797989880
798041078
798043653
798177106
798246611
798249454
798399359
798423898
798566519
798645609
798670916
798798538
798895102
799071374
799122360
799125885
799140390
799283216
799446518
799649310
799782767
800039238
800040321
800329717
800537062
800623993
800787869
800879767
800994262
800995431
801021036
801419428
801450435
801493906
801533910
801534223
801549996
801555036
801840824
802074746
802106474
802123410
802133091
802238065
802340235
802364301
802514197
802709230
802772753
802779148
802888741
803047627
803051688
803072897
803334877
803381932
803601220
803761331
803801132
804030025
804033125
804403325
804460107
804517292
804573161
804590436
804644913
804754385
804776048
804778812
804783026
804870227
804920554
805017978
805166568
805222124
805308524
805488270
805682291
805882395
805954094
805967387
806098037
806104250
806309808
806332949
806418820
806431995
806466108
806483232
806486547
806514949
807061236
807105260
807295670
807488944
807506562
807700653
807714315
807729355
807730959
807859948
807870624
807885461
807940210
807954278
807999634
808134926
808313076
808362196
808420940
808468035
808500664
808632600
808727073
808911871
808923590
809112337
809116152
809163579
809248331
809681149
809759742
810167245
810292578
810429272
810500734
810564284
810895982
810925216
810934813
810962614
811031314
811082136
811084667
811131525
811222689
811247036
811330202
811414955
811425899
811435752
811551250
811609965
811625415
811633044
811686468
811693906
812074157
812077312
812135212
812219400
812243247
812317397
812428858
812538703
812619475
812672718
812790152
812997994
813033868
813585648
813654542
813725761
813848744
813863097
813885050
813952760
814145245
814170774
814191749
814202239
814202351
814270009
814311233
814336804
814385323
814407491
814673282
814677018
814710681
814741249
814759222
814883115
814919465
814922424
814934231
814942564
815008680
815128545
815310591
815455141
815461018
815623068
815665907
815692582
815828041
815933402
816007505
816043517
816177194
816230549
816413728
816416772
816538226
816742483
816762450
816792380
816887802
816990352
816995033
817052066
817056417
817270303
817349395
817622217
817637441
817740614
817840571
818111783
818273738
818288851
818915140
818917486
819029298
819127773
819315507
819556906
819559679
819640783
819690433
819828022
820385707
820799973
821097379
821181772
821330757
821643841
821667715
821735563
821830783
821842428
822181711
822484697
822505503
822628481
822635792
822789788
822816271
822893045
822905287
823045140
823068989
823271195
823298658
823744977
823756018
823919665
824060300
824305796
824455694
824564255
824635651
824657609
824748285
824756210
824839795
824844624
824944512
825203258
825219945
825240577
825563963
825628696
825669245
825685277
825845366
825895040
825934752
825999922
826006583
826362283
826400453
826614312
826674622
826863872
826968795
827033493
827212212
827476155
827480555
827588337
827631512
827695482
827720202
827807222
828152427
828420966
828437952
828542146
828610167
828661394
828731015
829148724
829236700
829372499
829406943
829431726
829526278
829713363
829725504
829802743
829818885
829823239
829906148
829997059
830005287
830183916
830225493
830330479
830368362
830421758
830946790
830953214
831033621
831038630
831405789
831415731
831560612
831608182
831735875
831760608
832018504
832075508
832091516
832264657
832387523
832477801
832533330
832540537
832695709
832719025
832936470
833001258
833142222
833309452
833457178
833584642
833711498
833739307
833742603
833748978
833825380
833860164
833910141
834130539
834258052
834551769
834636136
834795447
834985879
835272818
835312302
835314952
835318284
835370061
835450284
835529988
835554839
835697592
835870240
836036827
836248557
836554766
836569583
836647483
836748986
836846431
836862483
836904747
836988261
837011302
837020204
837023446
837094887
837211093
837212000
837386051
837453742
837638474
837716140
837717575
837854021
837973339
838035989
838204407
838246556
838284565
838446326
838449732
838500823
838516738
838726240
838788147
838893742
838951250
839041878
839090434
839103573
839185972
839222506
839339498
839359548
839375174
839587054
839791474
840058509
840201644
840298679
840330413
840382973
840448002
840564837
840596658
840758586
840836616
841164376
841164787
841295347
841377180
841470857
841503808
841603508
841611827
841697462
841721022
841728115
841874168
841992028
842012889
842054890
842198424
842224964
842273944
842489243
842519043
842680559
842733682
842826111
843090257
843148876
843296644
843347208
843435421
843475568
843584324
843681161
843765182
843774903
843972799
844123115
844124099
844521808
844528092
844662364
844866883
844885675
845172892
845244094
845250433
845301986
845328539
845398055
845625669
845798495
845851936
845897453
845964313
846187764
846407592
846452223
847132769
847193272
847499250
847512888
847610994
847634004
847681343
847866570
847873343
847955200
848047844
848067521
848169692
848171478
848239748
848281339
848412123
848531128
848650142
848671554
848923956
848971466
849053249
849203968
849428903
849473794
849605706
850048711
850291575
850363298
850401500
850435710
850441268
850561308
850684210
850706009
850764026
850965405
851046748
851131567
851167680
851260330
851273510
851757896
851882958
852064945
852142710
852369126
852440327
852465639
852483181
852602471
852654549
852662515
852859617
852958750
853196229
853201849
853248329
853251769
853300950
853422801
853556140
853662909
853682238
853720168
853769960
853880511
853960265
854073078
854694921
854743586
854781604
855092117
855271808
855278323
855352085
855626541
855758746
855894028
855923639
855959584
856003397
856216224
856228347
856271930
856306768
856322460
856643429
856693228
856707369
856723661
856801096
856942292
857244661
857383769
857601619
857652680
857858425
857875466
858313646
858575912
858607163
858790007
858887550
858946410
859049383
859185587
859341743
859373878
859429082
859541185
859652222
859706147
859902943
860051851
860168608
860270143
860333626
860414980
860823200
860848452
861037177
861037863
861054085
861058640
861161103
861189199
861408173
861514742
861718691
861731870
861789764
861986961
861989281
861994997
862017799
862023803
862133137
862164974
862198585
862227556
862268093
862274176
862502708
862527814
862758639
862847635
862858352
862881951
862905928
862973855
863123624
863256315
863423641
863457746
863461878
863649188
863718401
863759693
863796650
863820285
863834719
863854053
863924459
863957086
863970349
864022569
864183446
864260958
864307797
864335717
864373483
864690594
864883884
864907819
864922914
864940446
865057049
865147451
865154574
865302015
865425603
865514459
865813937
865865015
866013816
866125019
866281272
866336946
866367207
866402810
866439668
866565693
866622567
866653625
866767586
866947181
866994670
867181192
867682474
867682894
867785330
867830143
867890443
867920955
868023730
868243226
868346859
868461298
868668708
868868663
868891906
869002656
869058647
869089110
869212457
869218741
869939623
870139551
870394954
870582533
870722215
870779011
870835016
870915182
870959494
870992949
871198146
871274019
871355889
871367246
871371696
871375771
871401006
871435759
871553062
871601280
871738417
871756843
871789252
871992896
872454673
872637821
872637826
872694699
872698160
872927594
872938286
873147940
873149155
873162224
873275160
873292016
873364158
873403949
873648022
873688937
873931053
874052765
874128594
874245101
874257093
874366403
874392177
874434948
874451907
874472151
874475579
874486911
874791430
874812598
874941181
874993825
875046706
875138773
875288019
875433364
875433882
875502046
875669787
875798419
875892210
875932863
876004011
876022888
876137589
876243138
876419297
876437638
876472926
876508283
876561922
876566203
876615623
876742012
876968248
877177050
877189612
877282005
877393257
877422801
877517174
877962282
878084251
878113279
878250175
878379220
878570286
878584345
878607187
878708459
878812184
878834966
878845177
878868956
878998887
879197258
879268164
879296250
879348040
879369762
879432162
879477966
879508294
879540278
879599967
879634330
879666021
879669889
879820963
880099418
880145481
880305470
880372089
880476936
880501945
880518263
880531880
880881254
880993089
881120364
881352454
881509684
881618067
881652972
881719122
881735498
881784269
881828640
882096163
882123000
882160316
882209954
882256435
882287021
882505398
883030102
883100425
883248726
883276977
883298903
883326629
883388767
883706150
883721409
883887884
883915217
884042070
884187662
884350679
884394997
884523781
884545637
884631912
884646603
884649457
884968673
885007481
885018271
885083766
885453674
885548043
885752950
885836309
886184361
886280297
886337747
886365594
886479708
886530702
886536420
886587383
886603133
886672619
886678788
886809823
887075699
887075770
887119606
887131758
887196962
887274764
887409622
887470790
888108893
888204478
888275179
888350206
888400928
888717611
888735793
888816550
888963658
889085513
889096901
889269055
889485045
889486377
889603197
889773054
890055616
890150826
890163245
890253872
890314149
890523637
890524154
890633620
890657407
890730995
890791813
890808435
890914318
891037941
891598438
891614950
891683506
891687427
891734795
891758633
891812060
891981500
892134132
892311789
892342013
892505511
892582294
892642699
892786852
893026725
893324396
893395895
893496169
893556472
893749712
893969752
893993594
894271458
894272920
894344765
894358546
894397991
894398400
894402319
894442667
894463712
894599533
894626182
894839347
895261715
895422825
895626083
895669583
895682492
895711782
895723098
896108261
896188648
896227723
896505458
896785315
896848465
896867240
896891745
896956956
897052966
897162983
897279394
897329441
897658162
897832808
897874837
897988162
897993330
898355257
898458304
898478727
898519868
898633765
898671229
898673343
898827971
898896048
899404553
899410418
899425704
899464417
899559966
899615481
899650137
899764661
899776256
899811621
899866021
899934632
900001573
900002212
900024889
900082683
900167771
900189011
900314753
900427098
900438270
900443308
900494334
900910294
900963561
900996532
901021210
901061943
901356538
901477642
901511249
901701503
901792271
901904926
902031089
902057875
902152922
902333170
902456016
902465489
902595430
902595697
902663046
902706375
902898860
902901361
902915586
902972159
903037079
903064692
903079680
903347233
903566008
903601359
903773004
903935622
904115892
904145188
904151129
904152276
904155006
904185367
904216598
904250503
904358121
904455914
904462248
904559284
904593301
904697182
905013812
905047885
905179435
905320253
905337689
905354879
905509503
905695467
905743146
905883001
905915428
906004081
906039956
906175397
906178881
906193834
906288026
906610633
906636051
906685004
907043912
907199555
907222179
907381777
907558198
907763565
907768558
908149971
908174031
908193962
908239318
908286292
908308059
908320389
908707562
908742341
908877409
908988726
909082745
909126108
909141918
909188408
909198557
909226041
909569944
909588224
909763623
909826898
909898691
909954197
909970785
909979382
910016259
910066285
910100478
910183645
910195097
910367504
910403820
910491690
910582654
910668027
910829758
910861222
911118578
911133020
911246310
911391531
911417276
911556903
911602650
911693314
911713096
912000002
912100892
912285834
912537759
912582887
912591871
912931049
913247048
913269765
913280450
913288045
913319652
913438627
913476349
913590451
913617740
913784622
913793686
913800606
914088261
914217381
914243099
914374589
915004619
915012049
915028996
915097310
915181089
915191804
915263902
915264432
915274272
915342634
915428137
915451199
915595717
915659655
915662480
915695872
915813523
915875391
916022662
916200964
916219282
916333817
916343721
916358922
916441591
916459616
916567325
916789191
916869478
917053912
917159194
917247387
917644412
917879976
917898350
918210766
918332658
918411336
918434932
918503211
918545463
918618731
918629037
918710758
918711800
918813323
918978370
919170359
919280098
919369034
919468536
919689565
919976148
919976238
919988622
920063552
920339783
920357261
920575123
920644846
920659565
920660828
920818271
921132470
921155537
921195177
921413918
921414657
921426401
921590797
921620939
921622598
921640008
921679131
921890978
922097500
922179277
922255940
922397122
922397418
922410177
922429307
922468043
922596253
922753229
922767664
922914635
922989374
922994696
923039422
923039475
923141625
923277588
923376715
923429970
923557312
923664189
923684652
923774875
923935996
923964597
924054309
924088406
924201849
924234239
924352453
924381594
924397170
924612738
925106166
925184801
925290385
925429072
925444174
925735474
925766329
925808871
925917891
925950629
926179544
926307369
926353601
926422889
926491742
926587671
926933022
927052281
927063206
927163598
927213155
927277254
927288534
927334240
927442997
927581005
927697714
927719114
927773024
927877553
927900287
927941564
928372417
928476973
928513999
928570453
928621571
928638875
928685271
928714325
928851319
928981560
929023932
929183666
929211790
929245730
929258959
929315284
929663552
929817847
929867799
929925930
930009499
930281690
930456454
930516248
930557927
930687640
930759567
930843948
930898867
930976064
931100578
931197345
931290980
931329835
931505056
931568209
931660561
931961489
931988055
932032462
932042828
932108055
932110599
932528505
932583456
932672503
932726016
932850452
932942135
933085598
933093388
933158223
933201630
933322074
933397976
933531893
933696916
934000095
934045842
934085891
934109563
934216773
934280565
934759143
934976231
934990374
935075491
935136035
935408717
935778957
935981492
936206983
936442343
936449343
936617416
936664794
936763545
936795051
936838815
936847580
936889648
936915319
937010029
937060080
937115474
937407906
937429238
937431171
937452370
937491582
937581399
937618151
937619194
937626454
937688800
937898222
937944002
937989989
938011876
938355352
938572361
938698804
938716046
938825330
938871690
938963328
938963931
939009163
939024473
939041408
939117028
939323343
939333974
939577382
939959110
939992436
940071744
940135057
940324390
940493254
940628056
940656162
940895385
940938961
940989671
941133098
941188306
941217280
941582316
941665980
941756105
941815778
942027921
942051758
942080291
942130065
942310680
942385670
942391011
942485488
942592634
942605867
942657799
942802826
942880869
942967139
942974409
942979760
943157549
943194484
943544901
943572252
943772282
943808265
943901140
943922791
944096543
944109283
944337245
944403319
944493913
944595760
944600620
944607429
944834819
945077127
945256311
945298763
945345844
945358241
945399524
945424856
945510528
945558151
945628806
945654674
945656807
945757971
945807427
945857004
945907595
946084725
946126878
946203521
946248799
946330101
946337879
946445789
946514017
946614212
946862698
946873914
947343918
947378031
947553625
947597005
947598863
947639640
947790923
948001269
948043539
948162695
948203337
948223139
948459185
948473520
948561764
948602152
948736516
948856813
949188812
949311160
949524470
949531158
949622312
949683461
949933353
949945514
950063570
950284486
950304781
950319474
950367198
950370388
950449457
950541583
950553526
950926357
951082717
951170124
951344108
951385417
951399103
951479689
951495358
951564365
951573480
951674397
951694467
952269857
952374899
952425287
952724598
952841352
952948948
952957129
953000627
953025959
953225242
953268675
953591355
953840067
954065392
954169967
954481060
954506760
954533618
954677117
955312445
955355525
955442177
955609412
955624910
955644943
955737925
955988918
956105608
956130610
956134217
956183697
956233419
956569334
956642038
956696186
956840136
956943434
957028225
957143465
957257357
957316032
957323355
957370992
957431745
957437779
957451912
957521090
957585877
957634740
957683747
957756036
957882403
958026220
958113003
958173915
958350482
958533698
958617218
958859977
958971398
958991278
959057326
959114874
959433738
959496606
959499540
959541711
959569969
959701651
959875783
959884990
959967249
960513725
960548034
960772076
960772348
960813869
960818346
960882330
961088339
961189667
961297977
961448916
961502223
961535129
961541418
961585232
961690422
961781063
961781665
961992654
962030681
962052365
962484995
962910544
962979321
962998776
963134502
963290173
963386191
963414352
963507650
963601135
963654812
963806598
963820863
963917876
963960185
963960774
964004330
964076247
964084546
964444485
964493513
964573436
964596030
964624223
964664002
964685375
964867505
964938693
965006252
965024133
965083609
965087829
965174465
965206579
965257420
965283056
965383710
965458139
965557393
965712991
965735501
965813845
965973989
966037909
966044006
966275725
966295705
966554416
966630826
966852631
967097026
967402174
967430506
967456695
967535710
967577875
967820031
967959221
967994534
968031570
968097521
968194146
968262105
968451927
968457912
968579026
968866666
968892335
969120852
969287010
969311432
969465762
969546342
969591084
969906272
969918462
970076928
970111212
970142366
970332073
970340988
970489440
970493070
970497656
970934470
971097708
971190669
971342598
971542500
971550073
971859571
971943673
972013331
972071002
972113022
972126181
972210077
972228016
972256315
972310038
972385600
972423858
972562105
972577543
972682420
972967947
973021693
973269567
973290912
973513118
973548937
973755659
973788261
973847010
973870331
973877961
973944717
974075285
974116605
974120721
974128647
974220436
974220504
974365821
974384936
974395930
974435323
974677451
974839491
974872022
975145161
975323278
975378239
975451776
975487377
975513085
975593947
975594227
975997377
976020884
976053427
976291688
976370847
976655018
976828937
976863662
977034239
977086597
977246139
977310709
977328646
977334058
977607842
977610976
977688716
977818535
977906260
977957134
977975686
978210108
978312427
978399755
978440157
978519956
978655176
978703061
978925159
979045024
979077109
979080786
979294047
979310501
979409464
979532297
979650821
979731526
980031044
980094500
980095356
980424992
980476019
980809711
980853372
980853511
980968651
981298697
981310943
981546337
981917554
981998087
982177324
982325524
982341953
982347130
982355856
982367655
982379972
982629572
982729544
982780029
982813747
982841927
982860839
982946489
982969379
982970802
983088967
983091519
983183670
983272590
983416973
983461062
983467069
983831528
983962004
984197594
984202120
984207062
984366448
984458008
984501750
984540000
984764944
984888946
984910746
984971120
984999902
985058804
985168011
985345367
985359451
985505174
985565096
985659107
985688150
985874518
985951080
985958032
985994700
986016140
986018760
986108846
986134592
986147134
986188503
986383643
986430211
986511918
986657386
986968037
987023826
987101198
987102531
987408548
987410940
987423157
987466169
987482289
987491509
987532926
987556363
987578960
987654528
987871153
988234115
988375987
988520644
988580761
988627321
988737230
988770676
988872094
988904474
988911068
989158483
989319558
989509028
989603890
989768433
989796003
990047622
990251361
990369010
990457536
990505796
990599542
990865994
990878860
990883212
991158254
991233197
991252450
991373528
991657779
991809622
991865098
991867702
991957795
991968716
992013529
992013660
992079237
992201088
992271826
992418975
992548932
992554836
992665651
992723946
993007406
993174024
993362691
993441357
993716994
993881476
994159333
994571527
994581304
994735457
994780172
994866070
995407950
995433566
995511925
995570915
995720678
995911639
995954865
995982937
996068624
996074767
996104916
996285006
996340405
996405811
996603239
996615787
996646077
996725283
996784256
996908685
996967202
997330459
997643528
997940142
998235021
998276873
998402159
998409078
998424659
998458084
998524607
998594403
998816865
998962156
999073176
999079174
999161565
999199221
999272021
999378786
999474709
999496433
